   0.00000000       1.00300705    
   6.00000005E-03   1.00898743    
   1.20000001E-02   1.01500750    
   1.79999992E-02   1.02098787    
   2.40000002E-02   1.02698803    
   3.00000012E-02   1.03298819    
   3.59999985E-02   1.03896856    
   4.19999994E-02   1.04494894    
   4.80000004E-02   1.05092919    
   5.40000014E-02   1.05690956    
   6.00000024E-02   1.06287003    
   6.59999996E-02   1.06883049    
   7.19999969E-02   1.07477105    
   7.80000016E-02   1.08073151    
   8.39999989E-02   1.08663237    
   9.00000036E-02   1.09257305    
   9.60000008E-02   1.09849370    
  0.101999998       1.10437477    
  0.108000003       1.11027563    
  0.114000000       1.11611688    
  0.120000005       1.12197793    
  0.126000002       1.12783909    
  0.131999999       1.13366044    
  0.137999997       1.13946199    
  0.143999994       1.14524364    
  0.150000006       1.15100539    
  0.156000003       1.15678704    
  0.162000000       1.16250908    
  0.167999998       1.16821134    
  0.173999995       1.17389357    
  0.180000007       1.17955601    
  0.186000004       1.18519866    
  0.192000002       1.19080150    
  0.197999999       1.19640434    
  0.203999996       1.20194757    
  0.210000008       1.20747089    
  0.216000006       1.21297443    
  0.222000003       1.21845806    
  0.228000000       1.22388208    
  0.233999997       1.22928619    
  0.240000010       1.23465061    
  0.246000007       1.23999512    
  0.252000004       1.24529994    
  0.258000016       1.25056505    
  0.263999999       1.25577056    
  0.270000011       1.26097596    
  0.275999993       1.26612186    
  0.282000005       1.27122796    
  0.287999988       1.27629435    
  0.294000000       1.28130114    
  0.300000012       1.28628814    
  0.305999994       1.29121542    
  0.312000006       1.29610300    
  0.317999989       1.30093098    
  0.324000001       1.30571926    
  0.330000013       1.31046772    
  0.335999995       1.31513679    
  0.342000008       1.31978595    
  0.347999990       1.32435560    
  0.354000002       1.32888556    
  0.360000014       1.33335590    
  0.365999997       1.33776665    
  0.372000009       1.34211779    
  0.377999991       1.34640932    
  0.384000003       1.35064125    
  0.390000015       1.35481358    
  0.395999998       1.35892630    
  0.402000010       1.36295950    
  0.407999992       1.36693323    
  0.414000005       1.37086713    
  0.420000017       1.37468183    
  0.425999999       1.37845671    
  0.432000011       1.38217211    
  0.437999994       1.38578808    
  0.444000006       1.38936436    
  0.450000018       1.39284134    
  0.456000000       1.39623880    
  0.462000012       1.39957666    
  0.467999995       1.40283501    
  0.474000007       1.40601397    
  0.480000019       1.40911341    
  0.486000001       1.41211355    
  0.492000014       1.41505396    
  0.497999996       1.41787529    
  0.504000008       1.42065680    
  0.509999990       1.42331922    
  0.516000032       1.42590201    
  0.522000015       1.42838562    
  0.527999997       1.43082941    
  0.533999979       1.43311417    
  0.540000021       1.43533945    
  0.546000004       1.43748522    
  0.551999986       1.43949187    
  0.558000028       1.44145882    
  0.564000010       1.44326687    
  0.569999993       1.44503510    
  0.575999975       1.44666433    
  0.582000017       1.44821405    
  0.588000000       1.44962466    
  0.593999982       1.45097578    
  0.600000024       1.45220757    
  0.606000006       1.45334005    
  0.611999989       1.45433342    
  0.618000031       1.45526731    
  0.624000013       1.45606196    
  0.629999995       1.45673752    
  0.635999978       1.45733356    
  0.642000020       1.45779049    
  0.648000002       1.45814812    
  0.653999984       1.45836675    
  0.660000026       1.45850575    
  0.666000009       1.45850575    
  0.671999991       1.45838654    
  0.678000033       1.45816803    
  0.684000015       1.45781040    
  0.689999998       1.45733356    
  0.695999980       1.45673752    
  0.702000022       1.45602226    
  0.708000004       1.45516789    
  0.713999987       1.45423412    
  0.720000029       1.45312154    
  0.726000011       1.45188963    
  0.731999993       1.45055854    
  0.738000035       1.44906843    
  0.744000018       1.44749880    
  0.750000000       1.44573057    
  0.755999982       1.44388282    
  0.762000024       1.44187605    
  0.768000007       1.43973029    
  0.773999989       1.43746531    
  0.780000031       1.43508112    
  0.786000013       1.43253803    
  0.791999996       1.42987573    
  0.797999978       1.42705441    
  0.804000020       1.42411387    
  0.810000002       1.42105424    
  0.815999985       1.41783559    
  0.822000027       1.41445792    
  0.828000009       1.41096115    
  0.833999991       1.40734518    
  0.840000033       1.40353048    
  0.846000016       1.39963627    
  0.851999998       1.39558315    
  0.857999980       1.39133132    
  0.864000022       1.38700008    
  0.870000005       1.38254964    
  0.875999987       1.37786067    
  0.882000029       1.37313211    
  0.888000011       1.36820471    
  0.893999994       1.36311853    
  0.900000036       1.35791302    
  0.906000018       1.35254860    
  0.912000000       1.34702528    
  0.917999983       1.34142244    
  0.924000025       1.33562088    
  0.930000007       1.32966042    
  0.935999990       1.32358074    
  0.942000031       1.31734216    
  0.948000014       1.31094456    
  0.953999996       1.30446756    
  0.960000038       1.29775202    
  0.966000021       1.29095709    
  0.972000003       1.28396356    
  0.977999985       1.27685070    
  0.984000027       1.26957893    
  0.990000010       1.26218796    
  0.995999992       1.25467777    
   1.00199997       1.24692917    
   1.00800002       1.23914087    
   1.01400006       1.23111403    
   1.01999998       1.22300780    
   1.02600002       1.21470296    
   1.03200006       1.20627880    
   1.03799999       1.19769573    
   1.04400003       1.18903315    
   1.04999995       1.18017197    
   1.05599999       1.17115176    
   1.06200004       1.16205215    
   1.06799996       1.15275383    
   1.07400000       1.14329660    
   1.08000004       1.13375986    
   1.08599997       1.12402439    
   1.09200001       1.11424923    
   1.09800005       1.10419595    
   1.10399997       1.09410286    
   1.11000001       1.08385086    
   1.11600006       1.07343996    
   1.12199998       1.06290972    
   1.12800002       1.05226040    
   1.13400006       1.04149187    
   1.13999999       1.03056431    
   1.14600003       1.01947784    
   1.15199995       1.00831187    
   1.15799999      0.996947289    
   1.16400003      0.985542953    
   1.16999996      0.973939896    
   1.17600000      0.962257385    
   1.18200004      0.950376213    
   1.18799996      0.938455284    
   1.19400001      0.926375389    
   1.20000005      0.914136589    
   1.20599997      0.901818275    
   1.21200001      0.889420509    
   1.21800005      0.876824081    
   1.22399998      0.864187896    
   1.23000002      0.851352990    
   1.23600006      0.838478386    
   1.24199998      0.825444877    
   1.24800003      0.812331855    
   1.25400007      0.799059868    
   1.25999999      0.785708427    
   1.26600003      0.772277534    
   1.27199996      0.758687675    
   1.27800000      0.745058060    
   1.28400004      0.731309235    
   1.28999996      0.717441261    
   1.29600000      0.703414261    
   1.30200005      0.689427078    
   1.30799997      0.675241172    
   1.31400001      0.661015511    
   1.32000005      0.646630943    
   1.32599998      0.632246315    
   1.33200002      0.617663085    
   1.33800006      0.603119552    
   1.34399998      0.588417053    
   1.35000002      0.573635101    
   1.35600007      0.558813393    
   1.36199999      0.543872535    
   1.36800003      0.528852165    
   1.37399995      0.513792038    
   1.38000000      0.498652458    
   1.38600004      0.483433396    
   1.39199996      0.468134880    
   1.39800000      0.452796608    
   1.40400004      0.437378883    
   1.40999997      0.421841949    
   1.41600001      0.406344742    
   1.42200005      0.390728325    
   1.42799997      0.375111908    
   1.43400002      0.359376281    
   1.44000006      0.343640655    
   1.44599998      0.327785820    
   1.45200002      0.312010437    
   1.45800006      0.296036392    
   1.46399999      0.280141830    
   1.47000003      0.264167786    
   1.47600007      0.248114273    
   1.48199999      0.232060745    
   1.48800004      0.216007233    
   1.49399996      0.199874237    
   1.50000000      0.183701515    
   1.50600004      0.167568520    
   1.51199996      0.151356056    
   1.51800001      0.135143593    
   1.52400005      0.118891396    
   1.52999997      0.102678932    
   1.53600001       8.63472596E-02
   1.54200006       7.00950623E-02
   1.54799998       5.38031273E-02
   1.55400002       3.75111885E-02
   1.56000006       2.11795177E-02
   1.56599998       4.88758087E-03
   1.57200003      -1.14043551E-02
   1.57800007      -2.77360287E-02
   1.58399999      -4.40279655E-02
   1.59000003      -6.03596382E-02
   1.59599996      -7.66118392E-02
   1.60200000      -9.29037705E-02
   1.60800004     -0.109155975    
   1.61399996     -0.125447914    
   1.62000000     -0.141620636    
   1.62600005     -0.157872841    
   1.63199997     -0.174045563    
   1.63800001     -0.190218285    
   1.64400005     -0.206311539    
   1.64999998     -0.222484276    
   1.65600002     -0.238498047    
   1.66200006     -0.254551560    
   1.66799998     -0.270565361    
   1.67400002     -0.286539406    
   1.68000007     -0.302473694    
   1.68599999     -0.318328530    
   1.69200003     -0.334143639    
   1.69800007     -0.349958748    
   1.70400000     -0.365694374    
   1.71000004     -0.381390244    
   1.71599996     -0.397006661    
   1.72200000     -0.412583351    
   1.72800004     -0.428080559    
   1.73399997     -0.443538040    
   1.74000001     -0.458995491    
   1.74600005     -0.474254280    
   1.75199997     -0.489513069    
   1.75800002     -0.504732132    
   1.76400006     -0.519871712    
   1.76999998     -0.534931839    
   1.77600002     -0.549872696    
   1.78200006     -0.564773858    
   1.78799999     -0.579555809    
   1.79400003     -0.594337761    
   1.80000007     -0.608960807    
   1.80599999     -0.623544037    
   1.81200004     -0.638008118    
   1.81799996     -0.652392685    
   1.82400000     -0.666737556    
   1.83000004     -0.680923462    
   1.83599997     -0.695029914    
   1.84200001     -0.709056854    
   1.84800005     -0.723004341    
   1.85399997     -0.736792862    
   1.86000001     -0.750541687    
   1.86600006     -0.764171302    
   1.87199998     -0.777681649    
   1.87800002     -0.791072845    
   1.88400006     -0.804384530    
   1.88999999     -0.817577064    
   1.89600003     -0.830690086    
   1.90200007     -0.843644142    
   1.90799999     -0.856478989    
   1.91400003     -0.869274139    
   1.92000008     -0.881870568    
   1.92600000     -0.894387543    
   1.93200004     -0.906785309    
   1.93799996     -0.919063866    
   1.94400001     -0.931262970    
   1.95000005     -0.943223655    
   1.95599997     -0.955184281    
   1.96200001     -0.966946304    
   1.96800005     -0.978589058    
   1.97399998     -0.990072906    
   1.98000002      -1.00155675    
   1.98600006      -1.01280212    
   1.99199998      -1.02392828    
   1.99800003      -1.03493536    
   2.00399995      -1.04582310    
   2.00999999      -1.05655193    
   2.01600003      -1.06720126    
   2.02200007      -1.07765198    
   2.02800012      -1.08798349    
   2.03399992      -1.09815598    
   2.03999996      -1.10824907    
   2.04600000      -1.11818314    
   2.05200005      -1.12795830    
   2.05800009      -1.13761425    
   2.06400013      -1.14711130    
   2.06999993      -1.15648901    
   2.07599998      -1.16570795    
   2.08200002      -1.17476785    
   2.08800006      -1.18374825    
   2.09400010      -1.19249022    
   2.09999990      -1.20119250    
   2.10599995      -1.20969617    
   2.11199999      -1.21804082    
   2.11800003      -1.22630596    
   2.12400007      -1.23433268    
   2.13000011      -1.24228001    
   2.13599992      -1.25006831    
   2.14199996      -1.25769770    
   2.14800000      -1.26516819    
   2.15400004      -1.27255917    
   2.16000009      -1.27975142    
   2.16600013      -1.28678477    
   2.17199993      -1.29369891    
   2.17799997      -1.30049384    
   2.18400002      -1.30705035    
   2.19000006      -1.31356716    
   2.19600010      -1.31988525    
   2.20199990      -1.32604444    
   2.20799994      -1.33208430    
   2.21399999      -1.33796537    
   2.22000003      -1.34368742    
   2.22600007      -1.34929025    
   2.23200011      -1.35473406    
   2.23799992      -1.36001909    
   2.24399996      -1.36518478    
   2.25000000      -1.37019157    
   2.25600004      -1.37507915    
   2.26200008      -1.37976801    
   2.26800013      -1.38437748    
   2.27399993      -1.38878822    
   2.27999997      -1.39307976    
   2.28600001      -1.39721239    
   2.29200006      -1.40126550    
   2.29800010      -1.40508020    
   2.30399990      -1.40881538    
   2.30999994      -1.41239166    
   2.31599998      -1.41584873    
   2.32200003      -1.41918659    
   2.32800007      -1.42228603    
   2.33400011      -1.42534578    
   2.33999991      -1.42820680    
   2.34599996      -1.43098831    
   2.35200000      -1.43361092    
   2.35800004      -1.43603480    
   2.36400008      -1.43841898    
   2.37000012      -1.44064426    
   2.37599993      -1.44269073    
   2.38199997      -1.44465768    
   2.38800001      -1.44646561    
   2.39400005      -1.44813454    
   2.40000010      -1.44970417    
   2.40600014      -1.45113468    
   2.41199994      -1.45240629    
   2.41799998      -1.45361817    
   2.42400002      -1.45461166    
   2.43000007      -1.45554543    
   2.43600011      -1.45635998    
   2.44199991      -1.45699584    
   2.44799995      -1.45757198    
   2.45400000      -1.45796931    
   2.46000004      -1.45828724    
   2.46600008      -1.45846605    
   2.47200012      -1.45852566    
   2.47799993      -1.45848596    
   2.48399997      -1.45830715    
   2.49000001      -1.45804882    
   2.49600005      -1.45763159    
   2.50200009      -1.45711505    
   2.50800014      -1.45649910    
   2.51399994      -1.45576394    
   2.51999998      -1.45492947    
   2.52600002      -1.45395601    
   2.53200006      -1.45292282    
   2.53800011      -1.45173073    
   2.54399991      -1.45045912    
   2.54999995      -1.44910812    
   2.55599999      -1.44759810    
   2.56200004      -1.44604838    
   2.56800008      -1.44435966    
   2.57400012      -1.44255161    
   2.57999992      -1.44068396    
   2.58599997      -1.43871701    
   2.59200001      -1.43665075    
   2.59800005      -1.43446529    
   2.60400009      -1.43222010    
   2.61000013      -1.42987573    
   2.61599994      -1.42743194    
   2.62199998      -1.42488873    
   2.62800002      -1.42226613    
   2.63400006      -1.41956413    
   2.64000010      -1.41676271    
   2.64599991      -1.41388178    
   2.65199995      -1.41092145    
   2.65799999      -1.40788162    
   2.66400003      -1.40476227    
   2.67000008      -1.40154362    
   2.67600012      -1.39824545    
   2.68199992      -1.39488780    
   2.68799996      -1.39147043    
   2.69400001      -1.38793385    
   2.70000005      -1.38435757    
   2.70600009      -1.38070190    
   2.71200013      -1.37696660    
   2.71799994      -1.37317181    
   2.72399998      -1.36929750    
   2.73000002      -1.36536360    
   2.73600006      -1.36135018    
   2.74200010      -1.35727727    
   2.74799991      -1.35314465    
   2.75399995      -1.34895241    
   2.75999999      -1.34472048    
   2.76600003      -1.34036934    
   2.77200007      -1.33601820    
   2.77800012      -1.33156776    
   2.78399992      -1.32709742    
   2.78999996      -1.32252777    
   2.79600000      -1.31793821    
   2.80200005      -1.31326914    
   2.80800009      -1.30858028    
   2.81400013      -1.30381191    
   2.81999993      -1.29900372    
   2.82599998      -1.29415596    
   2.83200002      -1.28924847    
   2.83800006      -1.28430128    
   2.84400010      -1.27931440    
   2.85000014      -1.27426779    
   2.85599995      -1.26918161    
   2.86199999      -1.26407540    
   2.86800003      -1.25890970    
   2.87400007      -1.25368440    
   2.88000011      -1.24847889    
   2.88599992      -1.24317408    
   2.89199996      -1.23786926    
   2.89800000      -1.23252475    
   2.90400004      -1.22714043    
   2.91000009      -1.22169650    
   2.91600013      -1.21627247    
   2.92199993      -1.21078885    
   2.92799997      -1.20526552    
   2.93400002      -1.19974220    
   2.94000006      -1.19415915    
   2.94600010      -1.18857622    
   2.95200014      -1.18293369    
   2.95799994      -1.17729104    
   2.96399999      -1.17162859    
   2.97000003      -1.16594636    
   2.97600007      -1.16020441    
   2.98200011      -1.15448236    
   2.98799992      -1.14872062    
   2.99399996      -1.14293897    
   3.00000000      -1.13713741    
   3.00600004      -1.13133585    
   3.01200008      -1.12549460    
   3.01800013      -1.11965334    
   3.02399993      -1.11379230    
   3.02999997      -1.10791123    
   3.03600001      -1.10201037    
   3.04200006      -1.09612942    
   3.04800010      -1.09020865    
   3.05400014      -1.08426809    
   3.05999994      -1.07834733    
   3.06599998      -1.07240677    
   3.07200003      -1.06644630    
   3.07800007      -1.06048584    
   3.08400011      -1.05450547    
   3.08999991      -1.04854500    
   3.09599996      -1.04254484    
   3.10200000      -1.03658438    
   3.10800004      -1.03058422    
   3.11400008      -1.02458394    
   3.12000012      -1.01860368    
   3.12599993      -1.01260340    
   3.13199997      -1.00660324    
   3.13800001      -1.00059307    
   3.14400005     -0.994602859    
   3.15000010     -0.988592684    
   3.15600014     -0.982602417    
   3.16199994     -0.976612151    
   3.16799998     -0.970611989    
   3.17400002     -0.964621723    
   3.18000007     -0.958631456    
   3.18600011     -0.952651083    
   3.19199991     -0.946670771    
   3.19799995     -0.940700352    
   3.20400000     -0.934739888    
   3.21000004     -0.928769529    
   3.21600008     -0.922818959    
   3.22200012     -0.916878402    
   3.22799993     -0.910937786    
   3.23399997     -0.905007124    
   3.24000001     -0.899076462    
   3.24600005     -0.893175602    
   3.25200009     -0.887274742    
   3.25800014     -0.881383836    
   3.26399994     -0.875502825    
   3.26999998     -0.869631767    
   3.27600002     -0.863780558    
   3.28200006     -0.857939303    
   3.28800011     -0.852098048    
   3.29399991     -0.846286595    
   3.29999995     -0.840475142    
   3.30599999     -0.834683597    
   3.31200004     -0.828911841    
   3.31800008     -0.823150098    
   3.32400012     -0.817398250    
   3.32999992     -0.811666250    
   3.33599997     -0.805954158    
   3.34200001     -0.800251961    
   3.34800005     -0.794559717    
   3.35400009     -0.788897276    
   3.36000013     -0.783244789    
   3.36599994     -0.777612150    
   3.37199998     -0.771999359    
   3.37800002     -0.766396523    
   3.38400006     -0.760813534    
   3.39000010     -0.755260408    
   3.39600015     -0.749707222    
   3.40199995     -0.744183838    
   3.40799999     -0.738680363    
   3.41400003     -0.733196735    
   3.42000008     -0.727723062    
   3.42600012     -0.722279131    
   3.43199992     -0.716845214    
   3.43799996     -0.711450994    
   3.44400001     -0.706066668    
   3.45000005     -0.700692356    
   3.45600009     -0.695347786    
   3.46200013     -0.690023124    
   3.46799994     -0.684718311    
   3.47399998     -0.679443300    
   3.48000002     -0.674188137    
   3.48600006     -0.668942928    
   3.49200010     -0.663727522    
   3.49800014     -0.658531964    
   3.50399995     -0.653356314    
   3.50999999     -0.648210466    
   3.51600003     -0.643084466    
   3.52200007     -0.637988269    
   3.52800012     -0.632892072    
   3.53399992     -0.627845526    
   3.53999996     -0.622798979    
   3.54600000     -0.617782295    
   3.55200005     -0.612795353    
   3.55800009     -0.607818365    
   3.56400013     -0.602881134    
   3.56999993     -0.597953796    
   3.57599998     -0.593066216    
   3.58200002     -0.588178635    
   3.58800006     -0.583330810    
   3.59400010     -0.578502834    
   3.60000014     -0.573694706    
   3.60599995     -0.568916380    
   3.61199999     -0.564157963    
   3.61800003     -0.559419394    
   3.62400007     -0.554710627    
   3.63000011     -0.550021708    
   3.63599992     -0.545362651    
   3.64199996     -0.540713489    
   3.64800000     -0.536104023    
   3.65400004     -0.531504571    
   3.66000009     -0.526944816    
   3.66600013     -0.522385061    
   3.67199993     -0.517874956    
   3.67799997     -0.513364851    
   3.68400002     -0.508904457    
   3.69000006     -0.504444063    
   3.69600010     -0.500013411    
   3.70200014     -0.495612621    
   3.70799994     -0.491231680    
   3.71399999     -0.486870617    
   3.72000003     -0.482539326    
   3.72600007     -0.478237867    
   3.73200011     -0.473936409    
   3.73799992     -0.469674677    
   3.74399996     -0.465442747    
   3.75000000     -0.461220741    
   3.75600004     -0.457028538    
   3.76200008     -0.452846289    
   3.76800013     -0.448713690    
   3.77399993     -0.444591045    
   3.77999997     -0.440468401    
   3.78600001     -0.436405331    
   3.79200006     -0.432342291    
   3.79800010     -0.428309053    
   3.80400014     -0.424295664    
   3.80999994     -0.420312077    
   3.81599998     -0.416338444    
   3.82200003     -0.412394613    
   3.82800007     -0.408470631    
   3.83400011     -0.404576451    
   3.84000015     -0.400692225    
   3.84599996     -0.396837801    
   3.85200000     -0.393003225    
   3.85800004     -0.389188528    
   3.86400008     -0.385403633    
   3.87000012     -0.381628662    
   3.87599993     -0.377873570    
   3.88199997     -0.374158233    
   3.88800001     -0.370442867    
   3.89400005     -0.366767257    
   3.90000010     -0.363091618    
   3.90600014     -0.359460711    
   3.91199994     -0.355829805    
   3.91799998     -0.352233648    
   3.92400002     -0.348647445    
   3.93000007     -0.345091015    
   3.93600011     -0.341549516    
   3.94200015     -0.338027865    
   3.94799995     -0.334526092    
   3.95400000     -0.331044197    
   3.96000004     -0.327592105    
   3.96600008     -0.324139982    
   3.97200012     -0.320722669    
   3.97799993     -0.317320228    
   3.98399997     -0.313932687    
   3.99000001     -0.310574979    
   3.99600005     -0.307212263    
   4.00199986     -0.303894281    
   4.00799990     -0.300591201    
   4.01399994     -0.297298044    
   4.01999998     -0.294029713    
   4.02600002     -0.290776283    
   4.03200006     -0.287542731    
   4.03800011     -0.284319133    
   4.04400015     -0.281120330    
   4.05000019     -0.277946383    
   4.05600023     -0.274772435    
   4.06199980     -0.271628290    
   4.06799984     -0.268504024    
   4.07399988     -0.265384704    
   4.07999992     -0.262290239    
   4.08599997     -0.259215623    
   4.09200001     -0.256150961    
   4.09800005     -0.253101200    
   4.10400009     -0.250076264    
   4.11000013     -0.247056291    
   4.11600018     -0.244061157    
   4.12200022     -0.241075948    
   4.12800026     -0.238115594    
   4.13399982     -0.235160187    
   4.13999987     -0.232229635    
   4.14599991     -0.229304031    
   4.15199995     -0.226403281    
   4.15799999     -0.223507479    
   4.16400003     -0.220636532    
   4.17000008     -0.217775509    
   4.17600012     -0.214924410    
   4.18200016     -0.212093189    
   4.18800020     -0.209276870    
   4.19400024     -0.206470490    
   4.19999981     -0.203683972    
   4.20599985     -0.200902417    
   4.21199989     -0.198140740    
   4.21799994     -0.195388988    
   4.22399998     -0.192652151    
   4.23000002     -0.189930201    
   4.23600006     -0.187213227    
   4.24200010     -0.184521079    
   4.24800014     -0.181828931    
   4.25400019     -0.179161623    
   4.26000023     -0.176489353    
   4.26600027     -0.173846886    
   4.27199984     -0.171209380    
   4.27799988     -0.168581799    
   4.28399992     -0.165964171    
   4.28999996     -0.163366392    
   4.29600000     -0.160773590    
   4.30200005     -0.158190727    
   4.30800009     -0.155617788    
   4.31400013     -0.153064728    
   4.32000017     -0.150511667    
   4.32600021     -0.147973493    
   4.33200026     -0.145445272    
   4.33799982     -0.142926976    
   4.34399986     -0.140418604    
   4.34999990     -0.137920186    
   4.35599995     -0.135436654    
   4.36199999     -0.132953122    
   4.36800003     -0.130479530    
   4.37400007     -0.128020838    
   4.38000011     -0.125572085    
   4.38600016     -0.123128295    
   4.39200020     -0.120689474    
   4.39800024     -0.118265547    
   4.40399981     -0.115851559    
   4.40999985     -0.113432609    
   4.41599989     -0.111038484    
   4.42199993     -0.108639397    
   4.42799997     -0.106255211    
   4.43400002     -0.103875995    
   4.44000006     -0.101506710    
   4.44600010      -9.91423950E-02
   4.45200014      -9.67830420E-02
   4.45800018      -9.44336280E-02
   4.46400023      -9.20842066E-02
   4.47000027      -8.97546634E-02
   4.47599983      -8.74201432E-02
   4.48199987      -8.50955620E-02
   4.48799992      -8.27759504E-02
   4.49399996      -8.04662704E-02
   4.50000000      -7.81565905E-02
   4.50600004      -7.58568421E-02
   4.51200008      -7.35571012E-02
   4.51800013      -7.12722540E-02
   4.52400017      -6.89824447E-02
   4.53000021      -6.67025670E-02
   4.53600025      -6.44276515E-02
   4.54199982      -6.21527433E-02
   4.54799986      -5.98877668E-02
   4.55399990      -5.76277561E-02
   4.55999994      -5.53627796E-02
   4.56599998      -5.31176738E-02
   4.57200003      -5.08576632E-02
   4.57800007      -4.86175232E-02
   4.58400011      -4.63674478E-02
   4.59000015      -4.41273041E-02
   4.59600019      -4.18970995E-02
   4.60200024      -3.96569557E-02
   4.60799980      -3.74267511E-02
   4.61399984      -3.52015086E-02
   4.61999989      -3.29713039E-02
   4.62599993      -3.07510290E-02
   4.63199997      -2.85257902E-02
   4.63800001      -2.63055172E-02
   4.64400005      -2.40902100E-02
   4.65000010      -2.18749046E-02
   4.65600014      -1.96595993E-02
   4.66200018      -1.74442921E-02
   4.66800022      -1.52339535E-02
   4.67400026      -1.30285816E-02
   4.67999983      -1.08132763E-02
   4.68599987      -8.60293675E-03
   4.69199991      -6.39756536E-03
   4.69799995      -4.19219350E-03
   4.70400000      -1.98185444E-03
   4.71000004       2.23517418E-04
   4.71600008       2.43385625E-03
   4.72200012       4.63922834E-03
   4.72800016       6.84956694E-03
   4.73400021       9.05493926E-03
   4.74000025       1.12652779E-02
   4.74599981       1.34706497E-02
   4.75199986       1.56859551E-02
   4.75799990       1.78962946E-02
   4.76399994       2.01115999E-02
   4.76999998       2.23269071E-02
   4.77600002       2.45372448E-02
   4.78200006       2.67624855E-02
   4.78800011       2.89777908E-02
   4.79400015       3.11980639E-02
   4.80000019       3.34282704E-02
   4.80600023       3.56535129E-02
   4.81200027       3.78837176E-02
   4.81799984       4.01139259E-02
   4.82399988       4.23441343E-02
   4.82999992       4.45892401E-02
   4.83599997       4.68244143E-02
   4.84200001       4.90744896E-02
   4.84800005       5.13195992E-02
   4.85400009       5.35696745E-02
   4.86000013       5.58247156E-02
   4.86600018       5.80896921E-02
   4.87200022       6.03497028E-02
   4.87800026       6.26196489E-02
   4.88399982       6.48895875E-02
   4.88999987       6.71645030E-02
   4.89599991       6.94493428E-02
   4.90199995       7.17391595E-02
   4.90799999       7.40239993E-02
   4.91400003       7.63287172E-02
   4.92000008       7.86284581E-02
   4.92600012       8.09282064E-02
   4.93200016       8.32527876E-02
   4.93800020       8.55723992E-02
   4.94400024       8.78920183E-02
   4.94999981       9.02215615E-02
   4.95599985       9.25660133E-02
   4.96199989       9.49104652E-02
   4.96799994       9.72648486E-02
   4.97399998       9.96241942E-02
   4.98000002      0.101988517    
   4.98600006      0.104362763    
   4.99200010      0.106737018    
   4.99800014      0.109126173    
   5.00400019      0.111530222    
   5.01000023      0.113924347    
   5.01600027      0.116338335    
   5.02199984      0.118757285    
   5.02799988      0.121186174    
   5.03399992      0.123625003    
   5.03999996      0.126063824    
   5.04600000      0.128522515    
   5.05200005      0.130986169    
   5.05800009      0.133454800    
   5.06400013      0.135938331    
   5.07000017      0.138431787    
   5.07600021      0.140930220    
   5.08200026      0.143438578    
   5.08799982      0.145961836    
   5.09399986      0.148485109    
   5.09999990      0.151038170    
   5.10599995      0.153581306    
   5.11199999      0.156144306    
   5.11800003      0.158712268    
   5.12400007      0.161300108    
   5.13000011      0.163892910    
   5.13600016      0.166500613    
   5.14200020      0.169113278    
   5.14800024      0.171745822    
   5.15400028      0.174383327    
   5.15999985      0.177035734    
   5.16599989      0.179703042    
   5.17199993      0.182375312    
   5.17799997      0.185067460    
   5.18400002      0.187764570    
   5.19000006      0.190481544    
   5.19600010      0.193213418    
   5.20200014      0.195950270    
   5.20800018      0.198697045    
   5.21400023      0.201473638    
   5.22000027      0.204245254    
   5.22599983      0.207046673    
   5.23199987      0.209843114    
   5.23799992      0.212674335    
   5.24399996      0.215500593    
   5.25000000      0.218356654    
   5.25600004      0.221222639    
   5.26200008      0.224093601    
   5.26800013      0.226994351    
   5.27400017      0.229900077    
   5.28000021      0.232820705    
   5.28600025      0.235761210    
   5.29199982      0.238716602    
   5.29799986      0.241681933    
   5.30399990      0.244677067    
   5.30999994      0.247672200    
   5.31599998      0.250687212    
   5.32200003      0.253722072    
   5.32800007      0.256771833    
   5.33400011      0.259836525    
   5.34000015      0.262921065    
   5.34600019      0.266020507    
   5.35200024      0.269134849    
   5.35800028      0.272269040    
   5.36399984      0.275418162    
   5.36999989      0.278592110    
   5.37599993      0.281771034    
   5.38199997      0.284974784    
   5.38800001      0.288198382    
   5.39400005      0.291436911    
   5.40000010      0.294695288    
   5.40600014      0.297968596    
   5.41200018      0.301261753    
   5.41800022      0.304569811    
   5.42400026      0.307907671    
   5.42999983      0.311250478    
   5.43599987      0.314623117    
   5.44199991      0.318010658    
   5.44799995      0.321413070    
   5.45400000      0.324845314    
   5.46000004      0.328287482    
   5.46600008      0.331754476    
   5.47200012      0.335241348    
   5.47800016      0.338743120    
   5.48400021      0.342264771    
   5.49000025      0.345816225    
   5.49599981      0.349382550    
   5.50199986      0.352958828    
   5.50799990      0.356564909    
   5.51399994      0.360200793    
   5.51999998      0.363846630    
   5.52600002      0.367512316    
   5.53200006      0.371197850    
   5.53800011      0.374903291    
   5.54400015      0.378648430    
   5.55000019      0.382393599    
   5.55600023      0.386168569    
   5.56200027      0.389963388    
   5.56799984      0.393788010    
   5.57399988      0.397612661    
   5.57999992      0.401486963    
   5.58599997      0.405371189    
   5.59200001      0.409265369    
   5.59800005      0.413189322    
   5.60400009      0.417153031    
   5.61000013      0.421116740    
   5.61600018      0.425110251    
   5.62200022      0.429133564    
   5.62800026      0.433156878    
   5.63399982      0.437229872    
   5.63999987      0.441312790    
   5.64599991      0.445425510    
   5.65199995      0.449548155    
   5.65799999      0.453700632    
   5.66400003      0.457882881    
   5.67000008      0.462085009    
   5.67600012      0.466287136    
   5.68200016      0.470558792    
   5.68800020      0.474810600    
   5.69400024      0.479112059    
   5.70000029      0.483413547    
   5.70599985      0.487764686    
   5.71199989      0.492125750    
   5.71799994      0.496506691    
   5.72399998      0.500917435    
   5.73000002      0.505348027    
   5.73600006      0.509808481    
   5.74200010      0.514288723    
   5.74800014      0.518788874    
   5.75400019      0.523318827    
   5.76000023      0.527868688    
   5.76600027      0.532438338    
   5.77199984      0.537037849    
   5.77799988      0.541657209    
   5.78399992      0.546306372    
   5.78999996      0.550975382    
   5.79600000      0.555664301    
   5.80200005      0.560392916    
   5.80800009      0.565121591    
   5.81400013      0.569880009    
   5.82000017      0.574678183    
   5.82600021      0.579486310    
   5.83200026      0.584314287    
   5.83799982      0.589181960    
   5.84399986      0.594049692    
   5.84999990      0.598957121    
   5.85599995      0.603884459    
   5.86199999      0.608841598    
   5.86800003      0.613808632    
   5.87400007      0.618805468    
   5.88000011      0.623822212    
   5.88600016      0.628858805    
   5.89200020      0.633935153    
   5.89800024      0.639011443    
   5.90400028      0.644127548    
   5.90999985      0.649263442    
   5.91599989      0.654409349    
   5.92199993      0.659594953    
   5.92799997      0.664790452    
   5.93400002      0.670005858    
   5.94000006      0.675251067    
   5.94600010      0.680516183    
   5.95200014      0.685811043    
   5.95800018      0.691105902    
   5.96400023      0.696440518    
   5.97000027      0.701785088    
   5.97599983      0.707159460    
   5.98199987      0.712543726    
   5.98799992      0.717957795    
   5.99399996      0.723391771    
