  -1.00000000       3.84615399E-02
 -0.998000026       3.84674519E-02
 -0.995999992       3.84733565E-02
 -0.994000018       3.84792425E-02
 -0.991999984       3.84851322E-02
 -0.990000010       3.84910069E-02
 -0.987999976       3.84968668E-02
 -0.986000001       3.85027118E-02
 -0.984000027       3.85085605E-02
 -0.981999993       3.85143869E-02
 -0.980000019       3.85202132E-02
 -0.977999985       3.85260098E-02
 -0.976000011       3.85318324E-02
 -0.973999977       3.85376178E-02
 -0.972000003       3.85433920E-02
 -0.970000029       3.85491736E-02
 -0.967999995       3.85549255E-02
 -0.966000021       3.85606810E-02
 -0.963999987       3.85664217E-02
 -0.962000012       3.85721549E-02
 -0.959999979       3.85778658E-02
 -0.958000004       3.85835767E-02
 -0.955999970       3.85892689E-02
 -0.953999996       3.85949686E-02
 -0.952000022       3.86006571E-02
 -0.949999988       3.86063196E-02
 -0.948000014       3.86119783E-02
 -0.945999980       3.86176333E-02
 -0.944000006       3.86232734E-02
 -0.941999972       3.86288986E-02
 -0.939999998       3.86345163E-02
 -0.938000023       3.86401080E-02
 -0.935999990       3.86457071E-02
 -0.934000015       3.86512913E-02
 -0.931999981       3.86568718E-02
 -0.930000007       3.86624448E-02
 -0.927999973       3.86679955E-02
 -0.925999999       3.86735424E-02
 -0.924000025       3.86790782E-02
 -0.921999991       3.86845954E-02
 -0.920000017       3.86901237E-02
 -0.917999983       3.86956260E-02
 -0.916000009       3.87011133E-02
 -0.913999975       3.87065932E-02
 -0.912000000       3.87120619E-02
 -0.909999967       3.87175381E-02
 -0.907999992       3.87229733E-02
 -0.906000018       3.87284160E-02
 -0.903999984       3.87338474E-02
 -0.902000010       3.87392715E-02
 -0.899999976       3.87446694E-02
 -0.898000002       3.87500897E-02
 -0.896000028       3.87554727E-02
 -0.893999994       3.87608558E-02
 -0.892000020       3.87662277E-02
 -0.889999986       3.87715772E-02
 -0.888000011       3.87769304E-02
 -0.885999978       3.87822613E-02
 -0.884000003       3.87875848E-02
 -0.881999969       3.87929045E-02
 -0.879999995       3.87982056E-02
 -0.878000021       3.88034880E-02
 -0.875999987       3.88087630E-02
 -0.874000013       3.88140418E-02
 -0.871999979       3.88193205E-02
 -0.870000005       3.88245583E-02
 -0.868000031       3.88297886E-02
 -0.865999997       3.88350189E-02
 -0.863999963       3.88402380E-02
 -0.861999989       3.88454422E-02
 -0.860000014       3.88506465E-02
 -0.857999980       3.88558321E-02
 -0.856000006       3.88610065E-02
 -0.853999972       3.88661809E-02
 -0.851999998       3.88713256E-02
 -0.850000024       3.88764739E-02
 -0.847999990       3.88816260E-02
 -0.845999956       3.88867259E-02
 -0.843999982       3.88918445E-02
 -0.842000008       3.88969406E-02
 -0.839999974       3.89020145E-02
 -0.838000000       3.89071219E-02
 -0.835999966       3.89121920E-02
 -0.833999991       3.89172398E-02
 -0.832000017       3.89222875E-02
 -0.829999983       3.89273278E-02
 -0.828000009       3.89323458E-02
 -0.825999975       3.89373675E-02
 -0.824000001       3.89423631E-02
 -0.822000027       3.89473625E-02
 -0.819999993       3.89523394E-02
 -0.817999959       3.89573053E-02
 -0.815999985       3.89622711E-02
 -0.814000010       3.89672220E-02
 -0.811999977       3.89721617E-02
 -0.810000002       3.89770865E-02
 -0.807999969       3.89820077E-02
 -0.805999994       3.89869250E-02
 -0.804000020       3.89918163E-02
 -0.801999986       3.89966816E-02
 -0.800000012       3.90015654E-02
 -0.797999978       3.90064307E-02
 -0.796000004       3.90112661E-02
 -0.793999970       3.90161052E-02
 -0.791999996       3.90209556E-02
 -0.789999962       3.90257649E-02
 -0.787999988       3.90305705E-02
 -0.786000013       3.90353724E-02
 -0.783999979       3.90401557E-02
 -0.782000005       3.90449278E-02
 -0.779999971       3.90496925E-02
 -0.777999997       3.90544347E-02
 -0.776000023       3.90591733E-02
 -0.773999989       3.90639082E-02
 -0.771999955       3.90686318E-02
 -0.769999981       3.90733406E-02
 -0.768000007       3.90780419E-02
 -0.765999973       3.90827246E-02
 -0.763999999       3.90873998E-02
 -0.761999965       3.90920602E-02
 -0.759999990       3.90967242E-02
 -0.758000016       3.91013548E-02
 -0.755999982       3.91059816E-02
 -0.754000008       3.91106009E-02
 -0.751999974       3.91152129E-02
 -0.750000000       3.91198061E-02
 -0.748000026       3.91243994E-02
 -0.745999992       3.91289704E-02
 -0.743999958       3.91335301E-02
 -0.741999984       3.91380787E-02
 -0.740000010       3.91426235E-02
 -0.737999976       3.91471460E-02
 -0.736000001       3.91516834E-02
 -0.733999968       3.91561724E-02
 -0.731999993       3.91606800E-02
 -0.730000019       3.91651541E-02
 -0.727999985       3.91696207E-02
 -0.725999951       3.91740873E-02
 -0.723999977       3.91785465E-02
 -0.722000003       3.91829796E-02
 -0.720000029       3.91874127E-02
 -0.717999995       3.91918197E-02
 -0.715999961       3.91962305E-02
 -0.713999987       3.92006300E-02
 -0.712000012       3.92050147E-02
 -0.709999979       3.92093845E-02
 -0.707999945       3.92137431E-02
 -0.705999970       3.92180905E-02
 -0.703999996       3.92224342E-02
 -0.702000022       3.92267630E-02
 -0.699999988       3.92310731E-02
 -0.697999954       3.92353795E-02
 -0.695999980       3.92396711E-02
 -0.694000006       3.92439514E-02
 -0.691999972       3.92482169E-02
 -0.689999998       3.92524749E-02
 -0.687999964       3.92567255E-02
 -0.685999990       3.92609574E-02
 -0.684000015       3.92651819E-02
 -0.681999981       3.92693877E-02
 -0.679999948       3.92736010E-02
 -0.677999973       3.92777845E-02
 -0.675999999       3.92819680E-02
 -0.674000025       3.92861292E-02
 -0.671999991       3.92902866E-02
 -0.669999957       3.92944291E-02
 -0.667999983       3.92985642E-02
 -0.666000009       3.93026769E-02
 -0.663999975       3.93067896E-02
 -0.661999941       3.93108875E-02
 -0.659999967       3.93149778E-02
 -0.657999992       3.93190533E-02
 -0.656000018       3.93231139E-02
 -0.653999984       3.93271670E-02
 -0.651999950       3.93312089E-02
 -0.649999976       3.93352322E-02
 -0.648000002       3.93392518E-02
 -0.646000028       3.93432565E-02
 -0.643999994       3.93472463E-02
 -0.641999960       3.93512323E-02
 -0.639999986       3.93552035E-02
 -0.638000011       3.93591672E-02
 -0.635999978       3.93631049E-02
 -0.633999944       3.93670499E-02
 -0.631999969       3.93709727E-02
 -0.629999995       3.93748879E-02
 -0.628000021       3.93787846E-02
 -0.625999987       3.93826701E-02
 -0.623999953       3.93865518E-02
 -0.621999979       3.93904112E-02
 -0.620000005       3.93942706E-02
 -0.617999971       3.93981189E-02
 -0.615999997       3.94019447E-02
 -0.613999963       3.94057706E-02
 -0.611999989       3.94095741E-02
 -0.610000014       3.94133739E-02
 -0.607999980       3.94171551E-02
 -0.605999947       3.94209176E-02
 -0.603999972       3.94246876E-02
 -0.601999998       3.94284353E-02
 -0.600000024       3.94321680E-02
 -0.597999990       3.94359082E-02
 -0.595999956       3.94396111E-02
 -0.593999982       3.94433141E-02
 -0.592000008       3.94470096E-02
 -0.589999974       3.94506790E-02
 -0.587999940       3.94543521E-02
 -0.585999966       3.94580029E-02
 -0.583999991       3.94616500E-02
 -0.582000017       3.94652896E-02
 -0.579999983       3.94688994E-02
 -0.577999949       3.94725017E-02
 -0.575999975       3.94761115E-02
 -0.574000001       3.94796841E-02
 -0.571999967       3.94832678E-02
 -0.569999993       3.94868329E-02
 -0.567999959       3.94903794E-02
 -0.565999985       3.94939072E-02
 -0.564000010       3.94974314E-02
 -0.561999977       3.95009555E-02
 -0.559999943       3.95044498E-02
 -0.557999969       3.95079516E-02
 -0.555999994       3.95114161E-02
 -0.554000020       3.95148806E-02
 -0.551999986       3.95183377E-02
 -0.549999952       3.95217873E-02
 -0.547999978       3.95252146E-02
 -0.546000004       3.95286307E-02
 -0.543999970       3.95320430E-02
 -0.541999936       3.95354331E-02
 -0.539999962       3.95388082E-02
 -0.537999988       3.95421870E-02
 -0.536000013       3.95455472E-02
 -0.533999979       3.95488963E-02
 -0.531999946       3.95522267E-02
 -0.529999971       3.95555422E-02
 -0.527999997       3.95588540E-02
 -0.525999963       3.95621583E-02
 -0.523999989       3.95654477E-02
 -0.521999955       3.95687334E-02
 -0.519999981       3.95719893E-02
 -0.518000007       3.95752378E-02
 -0.515999973       3.95784788E-02
 -0.513999939       3.95816974E-02
 -0.511999965       3.95849124E-02
 -0.509999990       3.95881124E-02
 -0.508000016       3.95913161E-02
 -0.505999982       3.95944864E-02
 -0.503999949       3.95976529E-02
 -0.501999974       3.96008119E-02
 -0.500000000       3.96039598E-02
 -0.497999966       3.96070927E-02
 -0.495999992       3.96102071E-02
 -0.493999958       3.96133102E-02
 -0.491999984       3.96164060E-02
 -0.489999950       3.96194980E-02
 -0.487999976       3.96225601E-02
 -0.486000001       3.96256186E-02
 -0.483999968       3.96286659E-02
 -0.481999993       3.96317020E-02
 -0.479999959       3.96347195E-02
 -0.477999985       3.96377407E-02
 -0.475999951       3.96407284E-02
 -0.473999977       3.96437198E-02
 -0.472000003       3.96466851E-02
 -0.469999969       3.96496542E-02
 -0.467999995       3.96526009E-02
 -0.465999961       3.96555327E-02
 -0.463999987       3.96584682E-02
 -0.461999953       3.96613777E-02
 -0.459999979       3.96642759E-02
 -0.457999945       3.96671630E-02
 -0.455999970       3.96700427E-02
 -0.453999996       3.96729074E-02
 -0.451999962       3.96757610E-02
 -0.449999988       3.96785997E-02
 -0.447999954       3.96814235E-02
 -0.445999980       3.96842398E-02
 -0.443999946       3.96870524E-02
 -0.441999972       3.96898389E-02
 -0.439999998       3.96926180E-02
 -0.437999964       3.96953747E-02
 -0.435999990       3.96981388E-02
 -0.433999956       3.97008806E-02
 -0.431999981       3.97036076E-02
 -0.429999948       3.97063307E-02
 -0.427999973       3.97090316E-02
 -0.425999999       3.97117324E-02
 -0.423999965       3.97144072E-02
 -0.421999991       3.97170745E-02
 -0.419999957       3.97197306E-02
 -0.417999983       3.97223793E-02
 -0.415999949       3.97250094E-02
 -0.413999975       3.97276320E-02
 -0.412000000       3.97302322E-02
 -0.409999967       3.97328287E-02
 -0.407999992       3.97354178E-02
 -0.405999959       3.97379808E-02
 -0.403999984       3.97405438E-02
 -0.401999950       3.97430956E-02
 -0.399999976       3.97456214E-02
 -0.397999942       3.97481509E-02
 -0.395999968       3.97506580E-02
 -0.393999994       3.97531502E-02
 -0.391999960       3.97556387E-02
 -0.389999986       3.97581123E-02
 -0.387999952       3.97605672E-02
 -0.385999978       3.97630110E-02
 -0.383999944       3.97654511E-02
 -0.381999969       3.97678763E-02
 -0.379999995       3.97702716E-02
 -0.377999961       3.97726782E-02
 -0.375999987       3.97750661E-02
 -0.373999953       3.97774354E-02
 -0.371999979       3.97797972E-02
 -0.369999945       3.97821479E-02
 -0.367999971       3.97844836E-02
 -0.365999997       3.97868082E-02
 -0.363999963       3.97891290E-02
 -0.361999989       3.97914164E-02
 -0.359999955       3.97937074E-02
 -0.357999980       3.97959836E-02
 -0.355999947       3.97982486E-02
 -0.353999972       3.98004875E-02
 -0.351999998       3.98027338E-02
 -0.349999964       3.98049541E-02
 -0.347999990       3.98071669E-02
 -0.345999956       3.98093611E-02
 -0.343999982       3.98115590E-02
 -0.341999948       3.98137271E-02
 -0.339999974       3.98158841E-02
 -0.337999940       3.98180410E-02
 -0.335999966       3.98201793E-02
 -0.333999991       3.98222990E-02
 -0.331999958       3.98244150E-02
 -0.329999983       3.98265123E-02
 -0.327999949       3.98286022E-02
 -0.325999975       3.98306772E-02
 -0.323999941       3.98327373E-02
 -0.321999967       3.98347899E-02
 -0.319999993       3.98368202E-02
 -0.317999959       3.98388579E-02
 -0.315999985       3.98408659E-02
 -0.313999951       3.98428589E-02
 -0.311999977       3.98448519E-02
 -0.309999943       3.98468301E-02
 -0.307999969       3.98487896E-02
 -0.305999994       3.98507454E-02
 -0.303999960       3.98526788E-02
 -0.301999986       3.98545973E-02
 -0.299999952       3.98565121E-02
 -0.297999978       3.98584157E-02
 -0.295999944       3.98603007E-02
 -0.293999970       3.98621783E-02
 -0.291999996       3.98640446E-02
 -0.289999962       3.98658812E-02
 -0.287999988       3.98677178E-02
 -0.285999954       3.98695543E-02
 -0.283999979       3.98713611E-02
 -0.281999946       3.98731604E-02
 -0.279999971       3.98749486E-02
 -0.277999938       3.98767255E-02
 -0.275999963       3.98784839E-02
 -0.273999989       3.98802385E-02
 -0.271999955       3.98819707E-02
 -0.269999981       3.98836955E-02
 -0.267999947       3.98854017E-02
 -0.265999973       3.98871079E-02
 -0.263999939       3.98887992E-02
 -0.261999965       3.98904756E-02
 -0.259999990       3.98921296E-02
 -0.257999957       3.98937762E-02
 -0.255999982       3.98954228E-02
 -0.253999949       3.98970358E-02
 -0.251999974       3.98986489E-02
 -0.249999940       3.99002433E-02
 -0.247999966       3.99018340E-02
 -0.245999992       3.99034023E-02
 -0.243999958       3.99049632E-02
 -0.241999984       3.99065129E-02
 -0.239999950       3.99080552E-02
 -0.237999976       3.99095789E-02
 -0.235999942       3.99110913E-02
 -0.233999968       3.99125852E-02
 -0.231999993       3.99140604E-02
 -0.229999959       3.99155393E-02
 -0.227999985       3.99169996E-02
 -0.225999951       3.99184488E-02
 -0.223999977       3.99198793E-02
 -0.221999943       3.99212986E-02
 -0.219999969       3.99227031E-02
 -0.217999935       3.99241000E-02
 -0.215999961       3.99254896E-02
 -0.213999987       3.99268605E-02
 -0.211999953       3.99282165E-02
 -0.209999979       3.99295688E-02
 -0.207999945       3.99308950E-02
 -0.205999970       3.99322137E-02
 -0.203999937       3.99335176E-02
 -0.201999962       3.99348103E-02
 -0.199999988       3.99361067E-02
 -0.197999954       3.99373733E-02
 -0.195999980       3.99386287E-02
 -0.193999946       3.99398655E-02
 -0.191999972       3.99411060E-02
 -0.189999938       3.99423167E-02
 -0.187999964       3.99435312E-02
 -0.185999990       3.99447195E-02
 -0.183999956       3.99458967E-02
 -0.181999981       3.99470665E-02
 -0.179999948       3.99482250E-02
 -0.177999973       3.99493612E-02
 -0.175999939       3.99504974E-02
 -0.173999965       3.99516150E-02
 -0.171999931       3.99527214E-02
 -0.169999957       3.99538130E-02
 -0.167999983       3.99548896E-02
 -0.165999949       3.99559624E-02
 -0.163999975       3.99570130E-02
 -0.161999941       3.99580523E-02
 -0.159999967       3.99590842E-02
 -0.157999933       3.99601012E-02
 -0.155999959       3.99610959E-02
 -0.153999984       3.99620868E-02
 -0.151999950       3.99630629E-02
 -0.149999976       3.99640314E-02
 -0.147999942       3.99649777E-02
 -0.145999968       3.99659239E-02
 -0.143999934       3.99668515E-02
 -0.141999960       3.99677567E-02
 -0.139999986       3.99686657E-02
 -0.137999952       3.99695523E-02
 -0.135999978       3.99704278E-02
 -0.133999944       3.99712883E-02
 -0.131999969       3.99721377E-02
 -0.129999936       3.99729796E-02
 -0.127999961       3.99738066E-02
 -0.125999987       3.99746113E-02
 -0.123999953       3.99754122E-02
 -0.121999979       3.99762020E-02
 -0.119999945       3.99769731E-02
 -0.117999971       3.99777405E-02
 -0.115999937       3.99784893E-02
 -0.113999963       3.99792194E-02
 -0.111999929       3.99799459E-02
 -0.109999955       3.99806537E-02
 -0.107999980       3.99813540E-02
 -0.105999947       3.99820320E-02
 -0.103999972       3.99826989E-02
 -0.101999938       3.99833620E-02
  -9.99999642E-02   3.99840064E-02
  -9.79999304E-02   3.99846435E-02
  -9.59999561E-02   3.99852544E-02
  -9.39999819E-02   3.99858654E-02
  -9.19999480E-02   3.99864614E-02
  -8.99999738E-02   3.99870463E-02
  -8.79999399E-02   3.99876125E-02
  -8.59999657E-02   3.99881750E-02
  -8.39999318E-02   3.99887189E-02
  -8.19999576E-02   3.99892479E-02
  -7.99999833E-02   3.99897620E-02
  -7.79999495E-02   3.99902724E-02
  -7.59999752E-02   3.99907678E-02
  -7.39999413E-02   3.99912484E-02
  -7.19999671E-02   3.99917066E-02
  -6.99999332E-02   3.99921648E-02
  -6.79999590E-02   3.99926044E-02
  -6.59999847E-02   3.99930291E-02
  -6.39999509E-02   3.99934500E-02
  -6.19999766E-02   3.99938487E-02
  -5.99999428E-02   3.99942435E-02
  -5.79999685E-02   3.99946198E-02
  -5.59999347E-02   3.99949811E-02
  -5.39999604E-02   3.99953388E-02
  -5.19999266E-02   3.99956778E-02
  -4.99999523E-02   3.99960056E-02
  -4.79999781E-02   3.99963185E-02
  -4.59999442E-02   3.99966165E-02
  -4.39999700E-02   3.99968997E-02
  -4.19999361E-02   3.99971753E-02
  -3.99999619E-02   3.99974324E-02
  -3.79999280E-02   3.99976857E-02
  -3.59999537E-02   3.99979278E-02
  -3.39999795E-02   3.99981514E-02
  -3.19999456E-02   3.99983674E-02
  -2.99999714E-02   3.99985611E-02
  -2.79999375E-02   3.99987474E-02
  -2.59999633E-02   3.99989150E-02
  -2.39999294E-02   3.99990790E-02
  -2.19999552E-02   3.99992242E-02
  -1.99999809E-02   3.99993546E-02
  -1.79999471E-02   3.99994776E-02
  -1.59999728E-02   3.99995968E-02
  -1.39999390E-02   3.99996862E-02
  -1.19999647E-02   3.99997719E-02
  -9.99993086E-03   3.99998426E-02
  -7.99995661E-03   3.99998948E-02
  -5.99998236E-03   3.99999432E-02
  -3.99994850E-03   3.99999693E-02
  -1.99997425E-03   3.99999879E-02
   0.00000000       4.00000028E-02
   2.00009346E-03   3.99999954E-02
   4.00006771E-03   3.99999805E-02
   6.00004196E-03   3.99999507E-02
   8.00001621E-03   3.99998911E-02
   9.99999046E-03   3.99998389E-02
   1.20000839E-02   3.99997681E-02
   1.40000582E-02   3.99996825E-02
   1.60000324E-02   3.99995856E-02
   1.80000067E-02   3.99994850E-02
   2.00001001E-02   3.99993584E-02
   2.20000744E-02   3.99992242E-02
   2.40000486E-02   3.99990790E-02
   2.60000229E-02   3.99989188E-02
   2.79999971E-02   3.99987511E-02
   3.00000906E-02   3.99985611E-02
   3.20000648E-02   3.99983674E-02
   3.40000391E-02   3.99981476E-02
   3.60000134E-02   3.99979278E-02
   3.80001068E-02   3.99976932E-02
   4.00000811E-02   3.99974398E-02
   4.20000553E-02   3.99971828E-02
   4.40000296E-02   3.99969071E-02
   4.60000038E-02   3.99966128E-02
   4.80000973E-02   3.99963185E-02
   5.00000715E-02   3.99960056E-02
   5.20000458E-02   3.99956740E-02
   5.40000200E-02   3.99953388E-02
   5.59999943E-02   3.99949849E-02
   5.80000877E-02   3.99946198E-02
   6.00000620E-02   3.99942435E-02
   6.20000362E-02   3.99938487E-02
   6.40000105E-02   3.99934500E-02
   6.60001040E-02   3.99930291E-02
   6.80000782E-02   3.99926044E-02
   7.00000525E-02   3.99921611E-02
   7.20000267E-02   3.99917103E-02
   7.40000010E-02   3.99912372E-02
   7.60000944E-02   3.99907641E-02
   7.80000687E-02   3.99902686E-02
   8.00000429E-02   3.99897583E-02
   8.20000172E-02   3.99892479E-02
   8.40001106E-02   3.99887152E-02
   8.60000849E-02   3.99881676E-02
   8.80000591E-02   3.99876088E-02
   9.00000334E-02   3.99870500E-02
   9.20000076E-02   3.99864577E-02
   9.40001011E-02   3.99858616E-02
   9.60000753E-02   3.99852581E-02
   9.80000496E-02   3.99846397E-02
  0.100000024       3.99840064E-02
  0.101999998       3.99833657E-02
  0.104000092       3.99827026E-02
  0.106000066       3.99820283E-02
  0.108000040       3.99813429E-02
  0.110000014       3.99806499E-02
  0.112000108       3.99799384E-02
  0.114000082       3.99792157E-02
  0.116000056       3.99784818E-02
  0.118000031       3.99777330E-02
  0.120000005       3.99769694E-02
  0.122000098       3.99761982E-02
  0.124000072       3.99754159E-02
  0.126000047       3.99746187E-02
  0.128000021       3.99738066E-02
  0.129999995       3.99729759E-02
  0.132000089       3.99721451E-02
  0.134000063       3.99712957E-02
  0.136000037       3.99704315E-02
  0.138000011       3.99695560E-02
  0.140000105       3.99686620E-02
  0.142000079       3.99677642E-02
  0.144000053       3.99668515E-02
  0.146000028       3.99659164E-02
  0.148000002       3.99649851E-02
  0.150000095       3.99640240E-02
  0.152000070       3.99630629E-02
  0.154000044       3.99620868E-02
  0.156000018       3.99610996E-02
  0.158000112       3.99600975E-02
  0.160000086       3.99590768E-02
  0.162000060       3.99580561E-02
  0.164000034       3.99570093E-02
  0.166000009       3.99559587E-02
  0.168000102       3.99548970E-02
  0.170000076       3.99538204E-02
  0.172000051       3.99527140E-02
  0.174000025       3.99516188E-02
  0.175999999       3.99504974E-02
  0.178000093       3.99493650E-02
  0.180000067       3.99482287E-02
  0.182000041       3.99470776E-02
  0.184000015       3.99459153E-02
  0.186000109       3.99447158E-02
  0.188000083       3.99435237E-02
  0.190000057       3.99423204E-02
  0.192000031       3.99411060E-02
  0.194000006       3.99398692E-02
  0.196000099       3.99386287E-02
  0.198000073       3.99373658E-02
  0.200000048       3.99361029E-02
  0.202000022       3.99348214E-02
  0.204000115       3.99335288E-02
  0.206000090       3.99322174E-02
  0.208000064       3.99308912E-02
  0.210000038       3.99295613E-02
  0.212000012       3.99282202E-02
  0.214000106       3.99268568E-02
  0.216000080       3.99254858E-02
  0.218000054       3.99241075E-02
  0.220000029       3.99227031E-02
  0.222000003       3.99212986E-02
  0.224000096       3.99198756E-02
  0.226000071       3.99184413E-02
  0.228000045       3.99169885E-02
  0.230000019       3.99155356E-02
  0.232000113       3.99140641E-02
  0.234000087       3.99125926E-02
  0.236000061       3.99110839E-02
  0.238000035       3.99095751E-02
  0.240000010       3.99080552E-02
  0.242000103       3.99065167E-02
  0.244000077       3.99049707E-02
  0.246000051       3.99034061E-02
  0.248000026       3.99018377E-02
  0.250000000       3.99002470E-02
  0.252000093       3.98986451E-02
  0.254000068       3.98970395E-02
  0.256000042       3.98954153E-02
  0.258000016       3.98937799E-02
  0.260000110       3.98921371E-02
  0.262000084       3.98904756E-02
  0.264000058       3.98887917E-02
  0.266000032       3.98871042E-02
  0.268000007       3.98854129E-02
  0.270000100       3.98836955E-02
  0.272000074       3.98819745E-02
  0.274000049       3.98802422E-02
  0.276000023       3.98784950E-02
  0.278000116       3.98767218E-02
  0.280000091       3.98749448E-02
  0.282000065       3.98731679E-02
  0.284000039       3.98713723E-02
  0.286000013       3.98695581E-02
  0.288000107       3.98677327E-02
  0.290000081       3.98658924E-02
  0.292000055       3.98640409E-02
  0.294000030       3.98621783E-02
  0.296000004       3.98603007E-02
  0.298000097       3.98584194E-02
  0.300000072       3.98565158E-02
  0.302000046       3.98546085E-02
  0.304000020       3.98526751E-02
  0.306000113       3.98507454E-02
  0.308000088       3.98487896E-02
  0.310000062       3.98468263E-02
  0.312000036       3.98448557E-02
  0.314000010       3.98428626E-02
  0.316000104       3.98408584E-02
  0.318000078       3.98388505E-02
  0.320000052       3.98368277E-02
  0.322000027       3.98347862E-02
  0.324000120       3.98327485E-02
  0.326000094       3.98306809E-02
  0.328000069       3.98286022E-02
  0.330000043       3.98265161E-02
  0.332000017       3.98244150E-02
  0.334000111       3.98223065E-02
  0.336000085       3.98201831E-02
  0.338000059       3.98180373E-02
  0.340000033       3.98158915E-02
  0.342000008       3.98137309E-02
  0.344000101       3.98115516E-02
  0.346000075       3.98093648E-02
  0.348000050       3.98071669E-02
  0.350000024       3.98049578E-02
  0.352000117       3.98027301E-02
  0.354000092       3.98004986E-02
  0.356000066       3.97982448E-02
  0.358000040       3.97959873E-02
  0.360000014       3.97937074E-02
  0.362000108       3.97914276E-02
  0.364000082       3.97891253E-02
  0.366000056       3.97868119E-02
  0.368000031       3.97844948E-02
  0.370000124       3.97821516E-02
  0.372000098       3.97798084E-02
  0.374000072       3.97774428E-02
  0.376000047       3.97750698E-02
  0.378000021       3.97726782E-02
  0.380000114       3.97702903E-02
  0.382000089       3.97678763E-02
  0.384000063       3.97654474E-02
  0.386000037       3.97630185E-02
  0.388000011       3.97605710E-02
  0.390000105       3.97581123E-02
  0.392000079       3.97556424E-02
  0.394000053       3.97531614E-02
  0.396000028       3.97506505E-02
  0.398000121       3.97481509E-02
  0.400000095       3.97456251E-02
  0.402000070       3.97430882E-02
  0.404000044       3.97405475E-02
  0.406000018       3.97379883E-02
  0.408000112       3.97354178E-02
  0.410000086       3.97328325E-02
  0.412000060       3.97302397E-02
  0.414000034       3.97276320E-02
  0.416000009       3.97250094E-02
  0.418000102       3.97223793E-02
  0.420000076       3.97197269E-02
  0.422000051       3.97170857E-02
  0.424000025       3.97144072E-02
  0.426000118       3.97117324E-02
  0.428000093       3.97090390E-02
  0.430000067       3.97063345E-02
  0.432000041       3.97036150E-02
  0.434000015       3.97008918E-02
  0.436000109       3.96981388E-02
  0.438000083       3.96953821E-02
  0.440000057       3.96926142E-02
  0.442000031       3.96898389E-02
  0.444000125       3.96870449E-02
  0.446000099       3.96842472E-02
  0.448000073       3.96814235E-02
  0.450000048       3.96786071E-02
  0.452000022       3.96757536E-02
  0.454000115       3.96729037E-02
  0.456000090       3.96700501E-02
  0.458000064       3.96671705E-02
  0.460000038       3.96642834E-02
  0.462000012       3.96613814E-02
  0.464000106       3.96584608E-02
  0.466000080       3.96555401E-02
  0.468000054       3.96526046E-02
  0.470000029       3.96496505E-02
  0.472000122       3.96466888E-02
  0.474000096       3.96437161E-02
  0.476000071       3.96407321E-02
  0.478000045       3.96377370E-02
  0.480000019       3.96347307E-02
  0.482000113       3.96316983E-02
  0.484000087       3.96286733E-02
  0.486000061       3.96256223E-02
  0.488000035       3.96225676E-02
  0.490000129       3.96194980E-02
  0.492000103       3.96164022E-02
  0.494000077       3.96133102E-02
  0.496000051       3.96102071E-02
  0.498000026       3.96070890E-02
  0.500000119       3.96039635E-02
  0.502000093       3.96008156E-02
  0.504000068       3.95976640E-02
  0.506000042       3.95944938E-02
  0.508000016       3.95913124E-02
  0.510000110       3.95881198E-02
  0.512000084       3.95849086E-02
  0.514000058       3.95817049E-02
  0.516000032       3.95784788E-02
  0.518000126       3.95752490E-02
  0.520000100       3.95719893E-02
  0.522000074       3.95687260E-02
  0.524000049       3.95654552E-02
  0.526000023       3.95621620E-02
  0.528000116       3.95588577E-02
  0.530000091       3.95555533E-02
  0.532000065       3.95522267E-02
  0.534000039       3.95488963E-02
  0.536000013       3.95455398E-02
  0.538000107       3.95421982E-02
  0.540000081       3.95388156E-02
  0.542000055       3.95354368E-02
  0.544000030       3.95320393E-02
  0.546000123       3.95286381E-02
  0.548000097       3.95252220E-02
  0.550000072       3.95217836E-02
  0.552000046       3.95183563E-02
  0.554000020       3.95148993E-02
  0.556000113       3.95114310E-02
  0.558000088       3.95079479E-02
  0.560000062       3.95044573E-02
  0.562000036       3.95009518E-02
  0.564000130       3.94974314E-02
  0.566000104       3.94939110E-02
  0.568000078       3.94903831E-02
  0.570000052       3.94868255E-02
  0.572000027       3.94832492E-02
  0.574000120       3.94797027E-02
  0.576000094       3.94761190E-02
  0.578000069       3.94725241E-02
  0.580000043       3.94688994E-02
  0.582000017       3.94652858E-02
  0.584000111       3.94616574E-02
  0.586000085       3.94580141E-02
  0.588000059       3.94543596E-02
  0.590000033       3.94506827E-02
  0.592000127       3.94470021E-02
  0.594000101       3.94433178E-02
  0.596000075       3.94396037E-02
  0.598000050       3.94359082E-02
  0.600000024       3.94321680E-02
  0.602000117       3.94284204E-02
  0.604000092       3.94246913E-02
  0.606000066       3.94209251E-02
  0.608000040       3.94171625E-02
  0.610000134       3.94133627E-02
  0.612000108       3.94095816E-02
  0.614000082       3.94057631E-02
  0.616000056       3.94019410E-02
  0.618000031       3.93981263E-02
  0.620000124       3.93942744E-02
  0.622000098       3.93904075E-02
  0.624000072       3.93865556E-02
  0.626000047       3.93826663E-02
  0.628000021       3.93787958E-02
  0.630000114       3.93748730E-02
  0.632000089       3.93709652E-02
  0.634000063       3.93670388E-02
  0.636000037       3.93631086E-02
  0.638000131       3.93591523E-02
  0.640000105       3.93552072E-02
  0.642000079       3.93512286E-02
  0.644000053       3.93472575E-02
  0.646000028       3.93432565E-02
  0.648000121       3.93392332E-02
  0.650000095       3.93352285E-02
  0.652000070       3.93312052E-02
  0.654000044       3.93271670E-02
  0.656000137       3.93231213E-02
  0.658000112       3.93190607E-02
  0.660000086       3.93149778E-02
  0.662000060       3.93108875E-02
  0.664000034       3.93068045E-02
  0.666000128       3.93026844E-02
  0.668000102       3.92985530E-02
  0.670000076       3.92944366E-02
  0.672000051       3.92902717E-02
  0.674000025       3.92861366E-02
  0.676000118       3.92819643E-02
  0.678000093       3.92777771E-02
  0.680000067       3.92735898E-02
  0.682000041       3.92693877E-02
  0.684000134       3.92651781E-02
  0.686000109       3.92609574E-02
  0.688000083       3.92567180E-02
  0.690000057       3.92524712E-02
  0.692000031       3.92482132E-02
  0.694000125       3.92439440E-02
  0.696000099       3.92396711E-02
  0.698000073       3.92353758E-02
  0.700000048       3.92310731E-02
  0.702000022       3.92267518E-02
  0.704000115       3.92224267E-02
  0.706000090       3.92180942E-02
  0.708000064       3.92137393E-02
  0.710000038       3.92093845E-02
  0.712000132       3.92050073E-02
  0.714000106       3.92006189E-02
  0.716000080       3.91962305E-02
  0.718000054       3.91918235E-02
  0.720000029       3.91874127E-02
  0.722000122       3.91829796E-02
  0.724000096       3.91785353E-02
  0.726000071       3.91740873E-02
  0.728000045       3.91696244E-02
  0.730000138       3.91651541E-02
  0.732000113       3.91606726E-02
  0.734000087       3.91561761E-02
  0.736000061       3.91516760E-02
  0.738000035       3.91471386E-02
  0.740000129       3.91426161E-02
  0.742000103       3.91380899E-02
  0.744000077       3.91335189E-02
  0.746000051       3.91289629E-02
  0.748000026       3.91243957E-02
  0.750000119       3.91197987E-02
  0.752000093       3.91152054E-02
  0.754000068       3.91106158E-02
  0.756000042       3.91059741E-02
  0.758000135       3.91013511E-02
  0.760000110       3.90967019E-02
  0.762000084       3.90920714E-02
  0.764000058       3.90873700E-02
  0.766000032       3.90827097E-02
  0.768000126       3.90780419E-02
  0.770000100       3.90733480E-02
  0.772000074       3.90686393E-02
  0.774000049       3.90639007E-02
  0.776000142       3.90591994E-02
  0.778000116       3.90544310E-02
  0.780000091       3.90496664E-02
  0.782000065       3.90449129E-02
  0.784000039       3.90401557E-02
  0.786000133       3.90353650E-02
  0.788000107       3.90305296E-02
  0.790000081       3.90257537E-02
  0.792000055       3.90209407E-02
  0.794000030       3.90161201E-02
  0.796000123       3.90112698E-02
  0.798000097       3.90063971E-02
  0.800000072       3.90015990E-02
  0.802000046       3.89966816E-02
  0.804000139       3.89917791E-02
  0.806000113       3.89869288E-02
  0.808000088       3.89820263E-02
  0.810000062       3.89771014E-02
  0.812000036       3.89722139E-02
  0.814000130       3.89671922E-02
  0.816000104       3.89622301E-02
  0.818000078       3.89572904E-02
  0.820000052       3.89523357E-02
  0.822000146       3.89473066E-02
  0.824000120       3.89423743E-02
  0.826000094       3.89374122E-02
  0.828000069       3.89322788E-02
  0.830000043       3.89272794E-02
  0.832000136       3.89223024E-02
  0.834000111       3.89172733E-02
  0.836000085       3.89121547E-02
  0.838000059       3.89071330E-02
  0.840000033       3.89020741E-02
  0.842000127       3.88969257E-02
  0.844000101       3.88918146E-02
  0.846000075       3.88867483E-02
  0.848000050       3.88816297E-02
  0.850000143       3.88764217E-02
  0.852000117       3.88712808E-02
  0.854000092       3.88660952E-02
  0.856000066       3.88610214E-02
  0.858000040       3.88558581E-02
  0.860000134       3.88505608E-02
  0.862000108       3.88454944E-02
  0.864000082       3.88402641E-02
  0.866000056       3.88350040E-02
  0.868000031       3.88298407E-02
  0.870000124       3.88244092E-02
  0.872000098       3.88193280E-02
  0.874000072       3.88139933E-02
  0.876000047       3.88088077E-02
  0.878000140       3.88034880E-02
  0.880000114       3.87980640E-02
  0.882000089       3.87927443E-02
  0.884000063       3.87874544E-02
  0.886000037       3.87822688E-02
  0.888000131       3.87767702E-02
  0.890000105       3.87715995E-02
  0.892000079       3.87661755E-02
  0.894000053       3.87607068E-02
  0.896000147       3.87555510E-02
  0.898000121       3.87499332E-02
  0.900000095       3.87444496E-02
  0.902000070       3.87391746E-02
  0.904000044       3.87338400E-02
  0.906000137       3.87284309E-02
  0.908000112       3.87229770E-02
  0.910000086       3.87175381E-02
  0.912000060       3.87120545E-02
  0.914000034       3.87066007E-02
  0.916000128       3.87010425E-02
  0.918000102       3.86956781E-02
  0.920000076       3.86900902E-02
  0.922000051       3.86846066E-02
  0.924000144       3.86790037E-02
  0.926000118       3.86737287E-02
  0.928000093       3.86679471E-02
  0.930000067       3.86624634E-02
  0.932000041       3.86566967E-02
  0.934000134       3.86512578E-02
  0.936000109       3.86457145E-02
  0.938000083       3.86400968E-02
  0.940000057       3.86341810E-02
  0.942000151       3.86288762E-02
  0.944000125       3.86232585E-02
  0.946000099       3.86174470E-02
  0.948000073       3.86119932E-02
  0.950000048       3.86059880E-02
  0.952000141       3.86005789E-02
  0.954000115       3.85948718E-02
  0.956000090       3.85892838E-02
  0.958000064       3.85834724E-02
  0.960000038       3.85777354E-02
  0.962000132       3.85719836E-02
  0.964000106       3.85668129E-02
  0.966000080       3.85605991E-02
  0.968000054       3.85548621E-02
  0.970000148       3.85488272E-02
  0.972000122       3.85434180E-02
  0.974000096       3.85375023E-02
  0.976000071       3.85315120E-02
  0.978000045       3.85257751E-02
  0.980000138       3.85205448E-02
  0.982000113       3.85146439E-02
  0.984000087       3.85083854E-02
  0.986000061       3.85029316E-02
  0.988000035       3.84967029E-02
  0.990000129       3.84910405E-02
  0.992000103       3.84851694E-02
  0.994000077       3.84793878E-02
  0.996000051       3.84732485E-02
  0.998000145       3.84672284E-02
