   0.00000000       1.61528647    
   6.00000005E-03   1.61004257    
   1.20000001E-02   1.60479856    
   1.79999992E-02   1.59955466    
   2.40000002E-02   1.59431064    
   3.00000012E-02   1.58906662    
   3.59999985E-02   1.58382273    
   4.19999994E-02   1.57857847    
   4.80000004E-02   1.57333469    
   5.40000014E-02   1.56809044    
   6.00000024E-02   1.56284678    
   6.59999996E-02   1.55760252    
   7.19999969E-02   1.55235863    
   7.80000016E-02   1.54711485    
   8.39999989E-02   1.54187071    
   9.00000036E-02   1.53662670    
   9.60000008E-02   1.53138268    
  0.101999998       1.52613878    
  0.108000003       1.52089477    
  0.114000000       1.51565087    
  0.120000005       1.51040673    
  0.126000002       1.50516284    
  0.131999999       1.49991882    
  0.137999997       1.49467492    
  0.143999994       1.48943067    
  0.150000006       1.48418701    
  0.156000003       1.47894275    
  0.162000000       1.47369897    
  0.167999998       1.46845508    
  0.173999995       1.46321082    
  0.180000007       1.45796692    
  0.186000004       1.45272279    
  0.192000002       1.44747889    
  0.197999999       1.44223487    
  0.203999996       1.43699098    
  0.210000008       1.43174696    
  0.216000006       1.42650306    
  0.222000003       1.42125905    
  0.228000000       1.41601491    
  0.233999997       1.41077113    
  0.240000010       1.40552700    
  0.246000007       1.40028298    
  0.252000004       1.39503908    
  0.258000016       1.38979518    
  0.263999999       1.38455117    
  0.270000011       1.37930727    
  0.275999993       1.37406301    
  0.282000005       1.36881912    
  0.287999988       1.36357510    
  0.294000000       1.35833120    
  0.300000012       1.35308719    
  0.305999994       1.34784305    
  0.312000006       1.34259927    
  0.317999989       1.33735514    
  0.324000001       1.33211124    
  0.330000013       1.32686722    
  0.335999995       1.32162333    
  0.342000008       1.31637931    
  0.347999990       1.31113541    
  0.354000002       1.30589139    
  0.360000014       1.30064750    
  0.365999997       1.29540348    
  0.372000009       1.29015934    
  0.377999991       1.28491533    
  0.384000003       1.27967119    
  0.390000015       1.27442741    
  0.395999998       1.26918328    
  0.402000010       1.26393950    
  0.407999992       1.25869548    
  0.414000005       1.25345147    
  0.420000017       1.24820745    
  0.425999999       1.24296343    
  0.432000011       1.23771954    
  0.437999994       1.23247540    
  0.444000006       1.22723162    
  0.450000018       1.22198749    
  0.456000000       1.21674359    
  0.462000012       1.21149945    
  0.467999995       1.20625567    
  0.474000007       1.20101166    
  0.480000019       1.19576764    
  0.486000001       1.19052351    
  0.492000014       1.18527961    
  0.497999996       1.18003571    
  0.504000008       1.17479169    
  0.509999990       1.16954768    
  0.516000032       1.16430354    
  0.522000015       1.15905976    
  0.527999997       1.15381563    
  0.533999979       1.14857185    
  0.540000021       1.14332771    
  0.546000004       1.13808370    
  0.551999986       1.13283968    
  0.558000028       1.12759566    
  0.564000010       1.12235188    
  0.569999993       1.11710775    
  0.575999975       1.11186397    
  0.582000017       1.10661983    
  0.588000000       1.10137582    
  0.593999982       1.09613180    
  0.600000024       1.09088790    
  0.606000006       1.08564389    
  0.611999989       1.08039987    
  0.618000031       1.07515585    
  0.624000013       1.06991184    
  0.629999995       1.06466794    
  0.635999978       1.05942404    
  0.642000020       1.05418003    
  0.648000002       1.04893589    
  0.653999984       1.04369211    
  0.660000026       1.03844798    
  0.666000009       1.03320408    
  0.671999991       1.02796006    
  0.678000033       1.02271605    
  0.684000015       1.01747203    
  0.689999998       1.01222801    
  0.695999980       1.00698411    
  0.702000022       1.00174010    
  0.708000004      0.996496260    
  0.713999987      0.991252184    
  0.720000029      0.986008108    
  0.726000011      0.980764031    
  0.731999993      0.975520194    
  0.738000035      0.970276117    
  0.744000018      0.965032279    
  0.750000000      0.959788203    
  0.755999982      0.954544246    
  0.762000024      0.949300170    
  0.768000007      0.944056273    
  0.773999989      0.938812375    
  0.780000031      0.933568299    
  0.786000013      0.928324223    
  0.791999996      0.923080266    
  0.797999978      0.917836368    
  0.804000020      0.912592292    
  0.810000002      0.907348454    
  0.815999985      0.902104378    
  0.822000027      0.896860421    
  0.828000009      0.891616285    
  0.833999991      0.886372447    
  0.840000033      0.881128371    
  0.846000016      0.875884473    
  0.851999998      0.870640397    
  0.857999980      0.865396440    
  0.864000022      0.860152364    
  0.870000005      0.854908466    
  0.875999987      0.849664629    
  0.882000029      0.844420552    
  0.888000011      0.839176536    
  0.893999994      0.833932459    
  0.900000036      0.828688502    
  0.906000018      0.823444545    
  0.912000000      0.818200648    
  0.917999983      0.812956572    
  0.924000025      0.807712615    
  0.930000007      0.802468538    
  0.935999990      0.797224641    
  0.942000031      0.791980565    
  0.948000014      0.786736727    
  0.953999996      0.781492710    
  0.960000038      0.776248634    
  0.966000021      0.771004558    
  0.972000003      0.765760720    
  0.977999985      0.760516822    
  0.984000027      0.755272746    
  0.990000010      0.750028789    
  0.995999992      0.744784713    
   1.00199997      0.739540815    
   1.00800002      0.734296739    
   1.01400006      0.729052782    
   1.01999998      0.723808765    
   1.02600002      0.718564808    
   1.03200006      0.713320732    
   1.03799999      0.708076894    
   1.04400003      0.702832937    
   1.04999995      0.697588921    
   1.05599999      0.692344964    
   1.06200004      0.687100887    
   1.06799996      0.681856990    
   1.07400000      0.676612854    
   1.08000004      0.671368897    
   1.08599997      0.666124940    
   1.09200001      0.660880983    
   1.09800005      0.655636907    
   1.10399997      0.650393069    
   1.11000001      0.645149112    
   1.11600006      0.639905035    
   1.12199998      0.634661138    
   1.12800002      0.629417062    
   1.13400006      0.624173105    
   1.13999999      0.618929029    
   1.14600003      0.613685071    
   1.15199995      0.608441114    
   1.15799999      0.603197157    
   1.16400003      0.597953081    
   1.16999996      0.592709243    
   1.17600000      0.587465167    
   1.18200004      0.582221210    
   1.18799996      0.576977313    
   1.19400001      0.571733236    
   1.20000005      0.566489220    
   1.20599997      0.561245203    
   1.21200001      0.556001246    
   1.21800005      0.550757170    
   1.22399998      0.545513332    
   1.23000002      0.540269315    
   1.23600006      0.535025239    
   1.24199998      0.529781342    
   1.24800003      0.524537325    
   1.25400007      0.519293308    
   1.25999999      0.514049351    
   1.26600003      0.508805335    
   1.27199996      0.503561437    
   1.27800000      0.498317391    
   1.28400004      0.493073374    
   1.28999996      0.487829447    
   1.29600000      0.482585430    
   1.30200005      0.477341413    
   1.30799997      0.472097516    
   1.31400001      0.466853499    
   1.32000005      0.461609483    
   1.32599998      0.456365556    
   1.33200002      0.451121539    
   1.33800006      0.445877522    
   1.34399998      0.440633565    
   1.35000002      0.435389549    
   1.35600007      0.430145532    
   1.36199999      0.424901605    
   1.36800003      0.419657588    
   1.37399995      0.414413691    
   1.38000000      0.409169614    
   1.38600004      0.403925598    
   1.39199996      0.398681730    
   1.39800000      0.393437684    
   1.40400004      0.388193667    
   1.40999997      0.382949740    
   1.41600001      0.377705723    
   1.42200005      0.372461706    
   1.42799997      0.367217779    
   1.43400002      0.361973733    
   1.44000006      0.356729716    
   1.44599998      0.351485789    
   1.45200002      0.346241772    
   1.45800006      0.340997756    
   1.46399999      0.335753858    
   1.47000003      0.330509841    
   1.47600007      0.325265765    
   1.48199999      0.320021898    
   1.48800004      0.314777881    
   1.49399996      0.309533924    
   1.50000000      0.304289907    
   1.50600004      0.299045891    
   1.51199996      0.293801963    
   1.51800001      0.288557947    
   1.52400005      0.283313930    
   1.52999997      0.278069973    
   1.53600001      0.272825956    
   1.54200006      0.267581940    
   1.54799998      0.262338042    
   1.55400002      0.257094026    
   1.56000006      0.251850009    
   1.56599998      0.246606082    
   1.57200003      0.241362065    
   1.57800007      0.236118048    
   1.58399999      0.230874106    
   1.59000003      0.225630090    
   1.59599996      0.220386147    
   1.60200000      0.215142161    
   1.60800004      0.209898114    
   1.61399996      0.204654202    
   1.62000000      0.199410185    
   1.62600005      0.194166169    
   1.63199997      0.188922256    
   1.63800001      0.183678210    
   1.64400005      0.178434193    
   1.64999998      0.173190266    
   1.65600002      0.167946249    
   1.66200006      0.162702233    
   1.66799998      0.157458305    
   1.67400002      0.152214289    
   1.68000007      0.146970272    
   1.68599999      0.141726345    
   1.69200003      0.136482328    
   1.69800007      0.131238282    
   1.70400000      0.125994384    
   1.71000004      0.120750360    
   1.71599996      0.115506448    
   1.72200000      0.110262424    
   1.72800004      0.105018377    
   1.73399997       9.97744650E-02
   1.74000001       9.45304483E-02
   1.74600005       8.92864317E-02
   1.75199997       8.40425193E-02
   1.75800002       7.87984729E-02
   1.76400006       7.35544562E-02
   1.76999998       6.83105439E-02
   1.77600002       6.30665272E-02
   1.78200006       5.78225106E-02
   1.78799999       5.25785685E-02
   1.79400003       4.73345518E-02
   1.80000007       4.20905352E-02
   1.80599999       3.68466228E-02
   1.81200004       3.16025838E-02
   1.81799996       2.63586715E-02
   1.82400000       2.11146399E-02
   1.83000004       1.58706233E-02
   1.83599997       1.06267110E-02
   1.84200001       5.38267940E-03
   1.84800005       1.38662755E-04
   1.85399997      -5.10526448E-03
   1.86000001      -1.03492811E-02
   1.86600006      -1.55932978E-02
   1.87199998      -2.08372250E-02
   1.87800002      -2.60812417E-02
   1.88400006      -3.13252732E-02
   1.88999999      -3.65691856E-02
   1.89600003      -4.18132097E-02
   1.90200007      -4.70572412E-02
   1.90799999      -5.23011535E-02
   1.91400003      -5.75451851E-02
   1.92000008      -6.27892017E-02
   1.92600000      -6.80331141E-02
   1.93200004      -7.32771456E-02
   1.93799996      -7.85210580E-02
   1.94400001      -8.37650895E-02
   1.95000005      -8.90091062E-02
   1.95599997      -9.42530185E-02
   1.96200001      -9.94970500E-02
   1.96800005     -0.104741067    
   1.97399998     -0.109984994    
   1.98000002     -0.115229011    
   1.98600006     -0.120473035    
   1.99199998     -0.125716954    
   1.99800003     -0.130960971    
   2.00399995     -0.136204898    
   2.00999999     -0.141448915    
   2.01600003     -0.146692932    
   2.02200007     -0.151936948    
   2.02800012     -0.157180995    
   2.03399992     -0.162424803    
   2.03999996     -0.167668819    
   2.04600000     -0.172912836    
   2.05200005     -0.178156853    
   2.05800009     -0.183400869    
   2.06400013     -0.188644931    
   2.06999993     -0.193888739    
   2.07599998     -0.199132755    
   2.08200002     -0.204376802    
   2.08800006     -0.209620818    
   2.09400010     -0.214864835    
   2.09999990     -0.220108643    
   2.10599995     -0.225352660    
   2.11199999     -0.230596676    
   2.11800003     -0.235840693    
   2.12400007     -0.241084740    
   2.13000011     -0.246328756    
   2.13599992     -0.251572549    
   2.14199996     -0.256816626    
   2.14800000     -0.262060642    
   2.15400004     -0.267304659    
   2.16000009     -0.272548676    
   2.16600013     -0.277792692    
   2.17199993     -0.283036470    
   2.17799997     -0.288280487    
   2.18400002     -0.293524563    
   2.19000006     -0.298768580    
   2.19600010     -0.304012597    
   2.20199990     -0.309256375    
   2.20799994     -0.314500451    
   2.21399999     -0.319744468    
   2.22000003     -0.324988484    
   2.22600007     -0.330232501    
   2.23200011     -0.335476518    
   2.23799992     -0.340720356    
   2.24399996     -0.345964372    
   2.25000000     -0.351208389    
   2.25600004     -0.356452435    
   2.26200008     -0.361696392    
   2.26800013     -0.366940469    
   2.27399993     -0.372184277    
   2.27999997     -0.377428293    
   2.28600001     -0.382672310    
   2.29200006     -0.387916327    
   2.29800010     -0.393160403    
   2.30399990     -0.398404151    
   2.30999994     -0.403648227    
   2.31599998     -0.408892184    
   2.32200003     -0.414136261    
   2.32800007     -0.419380277    
   2.33400011     -0.424624294    
   2.33999991     -0.429868102    
   2.34599996     -0.435112119    
   2.35200000     -0.440356135    
   2.35800004     -0.445600152    
   2.36400008     -0.450844228    
   2.37000012     -0.456088185    
   2.37599993     -0.461332053    
   2.38199997     -0.466576010    
   2.38800001     -0.471820116    
   2.39400005     -0.477064133    
   2.40000010     -0.482308149    
   2.40600014     -0.487552166    
   2.41199994     -0.492795944    
   2.41799998     -0.498039961    
   2.42400002     -0.503283978    
   2.43000007     -0.508527994    
   2.43600011     -0.513772070    
   2.44199991     -0.519015908    
   2.44799995     -0.524259925    
   2.45400000     -0.529503942    
   2.46000004     -0.534747958    
   2.46600008     -0.539991975    
   2.47200012     -0.545235991    
   2.47799993     -0.550479770    
   2.48399997     -0.555723786    
   2.49000001     -0.560967803    
   2.49600005     -0.566211879    
   2.50200009     -0.571455896    
   2.50800014     -0.576699913    
   2.51399994     -0.581943750    
   2.51999998     -0.587187767    
   2.52600002     -0.592431784    
   2.53200006     -0.597675800    
   2.53800011     -0.602919817    
   2.54399991     -0.608163595    
   2.54999995     -0.613407671    
   2.55599999     -0.618651688    
   2.56200004     -0.623895764    
   2.56800008     -0.629139781    
   2.57400012     -0.634383798    
   2.57999992     -0.639627576    
   2.58599997     -0.644871593    
   2.59200001     -0.650115609    
   2.59800005     -0.655359626    
   2.60400009     -0.660603642    
   2.61000013     -0.665847659    
   2.61599994     -0.671091557    
   2.62199998     -0.676335573    
   2.62800002     -0.681579590    
   2.63400006     -0.686823606    
   2.64000010     -0.692067623    
   2.64599991     -0.697311401    
   2.65199995     -0.702555418    
   2.65799999     -0.707799435    
   2.66400003     -0.713043451    
   2.67000008     -0.718287468    
   2.67600012     -0.723531544    
   2.68199992     -0.728775382    
   2.68799996     -0.734019399    
   2.69400001     -0.739263415    
   2.70000005     -0.744507432    
   2.70600009     -0.749751449    
   2.71200013     -0.754995465    
   2.71799994     -0.760239244    
   2.72399998     -0.765483260    
   2.73000002     -0.770727277    
   2.73600006     -0.775971353    
   2.74200010     -0.781215370    
   2.74799991     -0.786459208    
   2.75399995     -0.791703224    
   2.75999999     -0.796947241    
   2.76600003     -0.802191198    
   2.77200007     -0.807435274    
   2.77800012     -0.812679350    
   2.78399992     -0.817923069    
   2.78999996     -0.823167145    
   2.79600000     -0.828411102    
   2.80200005     -0.833655179    
   2.80800009     -0.838899136    
   2.81400013     -0.844143212    
   2.81999993     -0.849386990    
   2.82599998     -0.854631066    
   2.83200002     -0.859875143    
   2.83800006     -0.865119219    
   2.84400010     -0.870363057    
   2.85000014     -0.875607133    
   2.85599995     -0.880850971    
   2.86199999     -0.886094928    
   2.86800003     -0.891339004    
   2.87400007     -0.896582961    
   2.88000011     -0.901827037    
   2.88599992     -0.907070935    
   2.89199996     -0.912315011    
   2.89800000     -0.917558849    
   2.90400004     -0.922802925    
   2.91000009     -0.928047001    
   2.91600013     -0.933291078    
   2.92199993     -0.938534856    
   2.92799997     -0.943778753    
   2.93400002     -0.949022889    
   2.94000006     -0.954266787    
   2.94600010     -0.959510922    
   2.95200014     -0.964754939    
   2.95799994     -0.969998717    
   2.96399999     -0.975242794    
   2.97000003     -0.980486870    
   2.97600007     -0.985730708    
   2.98200011     -0.990974784    
   2.98799992     -0.996218681    
   2.99399996      -1.00146258    
   3.00000000      -1.00670671    
   3.00600004      -1.01195073    
   3.01200008      -1.01719475    
   3.01800013      -1.02243876    
   3.02399993      -1.02768266    
   3.02999997      -1.03292656    
   3.03600001      -1.03817058    
   3.04200006      -1.04341459    
   3.04800010      -1.04865873    
   3.05400014      -1.05390263    
   3.05999994      -1.05914652    
   3.06599998      -1.06439054    
   3.07200003      -1.06963456    
   3.07800007      -1.07487857    
   3.08400011      -1.08012259    
   3.08999991      -1.08536637    
   3.09599996      -1.09061050    
   3.10200000      -1.09585452    
   3.10800004      -1.10109842    
   3.11400008      -1.10634243    
   3.12000012      -1.11158657    
   3.12599993      -1.11683035    
   3.13199997      -1.12207437    
   3.13800001      -1.12731838    
   3.14400005      -1.13256240    
   3.15000010      -1.13780642    
   3.15600014      -1.14305043    
   3.16199994      -1.14829421    
   3.16799998      -1.15353823    
   3.17400002      -1.15878224    
   3.18000007      -1.16402638    
   3.18600011      -1.16927052    
   3.19199991      -1.17451429    
   3.19799995      -1.17975819    
   3.20400000      -1.18500233    
   3.21000004      -1.19024622    
   3.21600008      -1.19549036    
   3.22200012      -1.20073426    
   3.22799993      -1.20597816    
   3.23399997      -1.21122217    
   3.24000001      -1.21646607    
   3.24600005      -1.22171009    
   3.25200009      -1.22695422    
   3.25800014      -1.23219824    
   3.26399994      -1.23744202    
   3.26999998      -1.24268603    
   3.27600002      -1.24793005    
   3.28200006      -1.25317407    
   3.28800011      -1.25841808    
   3.29399991      -1.26366186    
   3.29999995      -1.26890588    
   3.30599999      -1.27415001    
   3.31200004      -1.27939403    
   3.31800008      -1.28463817    
   3.32400012      -1.28988194    
   3.32999992      -1.29512584    
   3.33599997      -1.30036998    
   3.34200001      -1.30561388    
   3.34800005      -1.31085801    
   3.35400009      -1.31610191    
   3.36000013      -1.32134604    
   3.36599994      -1.32658982    
   3.37199998      -1.33183396    
   3.37800002      -1.33707774    
   3.38400006      -1.34232187    
   3.39000010      -1.34756589    
   3.39600015      -1.35281003    
   3.40199995      -1.35805368    
   3.40799999      -1.36329770    
   3.41400003      -1.36854172    
   3.42000008      -1.37378573    
   3.42600012      -1.37902975    
   3.43199992      -1.38427353    
   3.43799996      -1.38951766    
   3.44400001      -1.39476168    
   3.45000005      -1.40000582    
   3.45600009      -1.40524960    
   3.46200013      -1.41049373    
   3.46799994      -1.41573763    
   3.47399998      -1.42098153    
   3.48000002      -1.42622566    
   3.48600006      -1.43146968    
   3.49200010      -1.43671370    
   3.49800014      -1.44195771    
   3.50399995      -1.44720161    
   3.50999999      -1.45244539    
   3.51600003      -1.45768952    
   3.52200007      -1.46293354    
   3.52800012      -1.46817768    
   3.53399992      -1.47342134    
   3.53999996      -1.47866547    
   3.54600000      -1.48390949    
   3.55200005      -1.48915350    
   3.55800009      -1.49439752    
   3.56400013      -1.49964154    
   3.56999993      -1.50488532    
   3.57599998      -1.51012945    
   3.58200002      -1.51537347    
   3.58800006      -1.52061725    
   3.59400010      -1.52586138    
   3.60000014      -1.53110552    
   3.60599995      -1.53634930    
   3.61199999      -1.54159331    
   3.61800003      -1.54683721    
   3.62400007      -1.55208147    
   3.63000011      -1.55732536    
   3.63599992      -1.56256926    
   3.64199996      -1.56781316    
   3.64800000      -1.57305717    
   3.65400004      -1.57830119    
   3.66000009      -1.58354533    
   3.66600013      -1.58878922    
   3.67199993      -1.59403300    
   3.67799997      -1.59927726    
   3.68400002      -1.60452116    
   3.69000006      -1.60976517    
   3.69600010      -1.61500907    
   3.70200014      -1.62025332    
   3.70799994      -1.62549710    
   3.71399999      -1.63074112    
   3.72000003      -1.63598490    
   3.72600007      -1.64122927    
   3.73200011      -1.64647317    
   3.73799992      -1.65171695    
   3.74399996      -1.65696096    
   3.75000000      -1.66220486    
   3.75600004      -1.66744912    
   3.76200008      -1.67269301    
   3.76800013      -1.67793715    
   3.77399993      -1.68318081    
   3.77999997      -1.68842506    
   3.78600001      -1.69366884    
   3.79200006      -1.69891298    
   3.79800010      -1.70415688    
   3.80400014      -1.70940113    
   3.80999994      -1.71464503    
   3.81599998      -1.71988881    
   3.82200003      -1.72513270    
   3.82800007      -1.73037672    
   3.83400011      -1.73562086    
   3.84000015      -1.74086487    
   3.84599996      -1.74610877    
   3.85200000      -1.75135255    
   3.85800004      -1.75659692    
   3.86400008      -1.76184082    
   3.87000012      -1.76708484    
   3.87599993      -1.77232873    
   3.88199997      -1.77757251    
   3.88800001      -1.78281689    
   3.89400005      -1.78806067    
   3.90000010      -1.79330456    
   3.90600014      -1.79854894    
   3.91199994      -1.80379272    
   3.91799998      -1.80903661    
   3.92400002      -1.81428063    
   3.93000007      -1.81952453    
   3.93600011      -1.82476878    
   3.94200015      -1.83001268    
   3.94799995      -1.83525658    
   3.95400000      -1.84050059    
   3.96000004      -1.84574437    
   3.96600008      -1.85098875    
   3.97200012      -1.85623264    
   3.97799993      -1.86147642    
   3.98399997      -1.86672032    
   3.99000001      -1.87196457    
   3.99600005      -1.87720847    
   4.00199986      -1.88245225    
   4.00799990      -1.88769615    
   4.01399994      -1.89294028    
   4.01999998      -1.89818430    
   4.02600002      -1.90342832    
   4.03200006      -1.90867245    
   4.03800011      -1.91391659    
   4.04400015      -1.91916060    
   4.05000019      -1.92440438    
   4.05600023      -1.92964828    
   4.06199980      -1.93489218    
   4.06799984      -1.94013596    
   4.07399988      -1.94538033    
   4.07999992      -1.95062423    
   4.08599997      -1.95586801    
   4.09200001      -1.96111226    
   4.09800005      -1.96635616    
   4.10400009      -1.97160029    
   4.11000013      -1.97684431    
   4.11600018      -1.98208833    
   4.12200022      -1.98733246    
   4.12800026      -1.99257636    
   4.13399982      -1.99781990    
   4.13999987      -2.00306416    
   4.14599991      -2.00830817    
   4.15199995      -2.01355219    
   4.15799999      -2.01879597    
   4.16400003      -2.02403975    
   4.17000008      -2.02928424    
   4.17600012      -2.03452802    
   4.18200016      -2.03977203    
   4.18800020      -2.04501629    
   4.19400024      -2.05026031    
   4.19999981      -2.05550385    
   4.20599985      -2.06074762    
   4.21199989      -2.06599188    
   4.21799994      -2.07123590    
   4.22399998      -2.07647991    
   4.23000002      -2.08172417    
   4.23600006      -2.08696795    
   4.24200010      -2.09221172    
   4.24800014      -2.09745598    
   4.25400019      -2.10270000    
   4.26000023      -2.10794401    
   4.26600027      -2.11318803    
   4.27199984      -2.11843157    
   4.27799988      -2.12367582    
   4.28399992      -2.12891960    
   4.28999996      -2.13416362    
   4.29600000      -2.13940787    
   4.30200005      -2.14465189    
   4.30800009      -2.14989591    
   4.31400013      -2.15513968    
   4.32000017      -2.16038370    
   4.32600021      -2.16562796    
   4.33200026      -2.17087173    
   4.33799982      -2.17611575    
   4.34399986      -2.18135953    
   4.34999990      -2.18660331    
   4.35599995      -2.19184756    
   4.36199999      -2.19709158    
   4.36800003      -2.20233560    
   4.37400007      -2.20757961    
   4.38000011      -2.21282363    
   4.38600016      -2.21806788    
   4.39200020      -2.22331166    
   4.39800024      -2.22855592    
   4.40399981      -2.23379946    
   4.40999985      -2.23904347    
   4.41599989      -2.24428749    
   4.42199993      -2.24953127    
   4.42799997      -2.25477529    
   4.43400002      -2.26001954    
   4.44000006      -2.26526332    
   4.44600010      -2.27050734    
   4.45200014      -2.27575159    
   4.45800018      -2.28099561    
   4.46400023      -2.28623962    
   4.47000027      -2.29148340    
   4.47599983      -2.29672718    
   4.48199987      -2.30197120    
   4.48799992      -2.30721521    
   4.49399996      -2.31245947    
   4.50000000      -2.31770325    
   4.50600004      -2.32294750    
   4.51200008      -2.32819128    
   4.51800013      -2.33343530    
   4.52400017      -2.33867931    
   4.53000021      -2.34392333    
   4.53600025      -2.34916735    
   4.54199982      -2.35441113    
   4.54799986      -2.35965490    
   4.55399990      -2.36489892    
   4.55999994      -2.37014318    
   4.56599998      -2.37538719    
   4.57200003      -2.38063121    
   4.57800007      -2.38587499    
   4.58400011      -2.39111948    
   4.59000015      -2.39636326    
   4.59600019      -2.40160704    
   4.60200024      -2.40685129    
   4.60799980      -2.41209483    
   4.61399984      -2.41733861    
   4.61999989      -2.42258310    
   4.62599993      -2.42782688    
   4.63199997      -2.43307090    
   4.63800001      -2.43831491    
   4.64400005      -2.44355917    
   4.65000010      -2.44880319    
   4.65600014      -2.45404696    
   4.66200018      -2.45929122    
   4.66800022      -2.46453524    
   4.67400026      -2.46977901    
   4.67999983      -2.47502279    
   4.68599987      -2.48026657    
   4.69199991      -2.48551106    
   4.69799995      -2.49075484    
   4.70400000      -2.49599862    
   4.71000004      -2.50124264    
   4.71600008      -2.50648689    
   4.72200012      -2.51173091    
   4.72800016      -2.51697493    
   4.73400021      -2.52221870    
   4.74000025      -2.52746320    
   4.74599981      -2.53270650    
   4.75199986      -2.53795052    
   4.75799990      -2.54319477    
   4.76399994      -2.54843855    
   4.76999998      -2.55368280    
   4.77600002      -2.55892658    
   4.78200006      -2.56417060    
   4.78800011      -2.56941462    
   4.79400015      -2.57465863    
   4.80000019      -2.57990265    
   4.80600023      -2.58514690    
   4.81200027      -2.59039092    
   4.81799984      -2.59563446    
   4.82399988      -2.60087848    
   4.82999992      -2.60612249    
   4.83599997      -2.61136651    
   4.84200001      -2.61661053    
   4.84800005      -2.62185478    
   4.85400009      -2.62709856    
   4.86000013      -2.63234234    
   4.86600018      -2.63758659    
   4.87200022      -2.64283061    
   4.87800026      -2.64807463    
   4.88399982      -2.65331841    
   4.88999987      -2.65856218    
   4.89599991      -2.66380620    
   4.90199995      -2.66905022    
   4.90799999      -2.67429447    
   4.91400003      -2.67953849    
   4.92000008      -2.68478227    
   4.92600012      -2.69002652    
   4.93200016      -2.69527054    
   4.93800020      -2.70051432    
   4.94400024      -2.70575857    
   4.94999981      -2.71100187    
   4.95599985      -2.71624637    
   4.96199989      -2.72149014    
   4.96799994      -2.72673392    
   4.97399998      -2.73197818    
   4.98000002      -2.73722219    
   4.98600006      -2.74246621    
   4.99200010      -2.74771023    
   4.99800014      -2.75295448    
   5.00400019      -2.75819850    
   5.01000023      -2.76344228    
   5.01600027      -2.76868606    
   5.02199984      -2.77393007    
   5.02799988      -2.77917385    
   5.03399992      -2.78441811    
   5.03999996      -2.78966212    
   5.04600000      -2.79490590    
   5.05200005      -2.80015016    
   5.05800009      -2.80539393    
   5.06400013      -2.81063819    
   5.07000017      -2.81588221    
   5.07600021      -2.82112622    
   5.08200026      -2.82637024    
   5.08799982      -2.83161378    
   5.09399986      -2.83685780    
   5.09999990      -2.84210181    
   5.10599995      -2.84734607    
   5.11199999      -2.85259008    
   5.11800003      -2.85783386    
   5.12400007      -2.86307764    
   5.13000011      -2.86832213    
   5.13600016      -2.87356591    
   5.14200020      -2.87880993    
   5.14800024      -2.88405395    
   5.15400028      -2.88929820    
   5.15999985      -2.89454174    
   5.16599989      -2.89978552    
   5.17199993      -2.90502977    
   5.17799997      -2.91027379    
   5.18400002      -2.91551781    
   5.19000006      -2.92076182    
   5.19600010      -2.92600584    
   5.20200014      -2.93124962    
   5.20800018      -2.93649387    
   5.21400023      -2.94173765    
   5.22000027      -2.94698191    
   5.22599983      -2.95222545    
   5.23199987      -2.95746922    
   5.23799992      -2.96271348    
   5.24399996      -2.96795750    
   5.25000000      -2.97320175    
   5.25600004      -2.97844553    
   5.26200008      -2.98368979    
   5.26800013      -2.98893380    
   5.27400017      -2.99417758    
   5.28000021      -2.99942160    
   5.28600025      -3.00466561    
   5.29199982      -3.00990915    
   5.29799986      -3.01515293    
   5.30399990      -3.02039766    
   5.30999994      -3.02564168    
   5.31599998      -3.03088546    
   5.32200003      -3.03612947    
   5.32800007      -3.04137349    
   5.33400011      -3.04661751    
   5.34000015      -3.05186129    
   5.34600019      -3.05710554    
   5.35200024      -3.06234980    
   5.35800028      -3.06759381    
   5.36399984      -3.07283735    
   5.36999989      -3.07808137    
   5.37599993      -3.08332539    
   5.38199997      -3.08856916    
   5.38800001      -3.09381294    
   5.39400005      -3.09905720    
   5.40000010      -3.10430121    
   5.40600014      -3.10954547    
   5.41200018      -3.11478949    
   5.41800022      -3.12003350    
   5.42400026      -3.12527752    
   5.42999983      -3.13052082    
   5.43599987      -3.13576508    
   5.44199991      -3.14100909    
   5.44799995      -3.14625287    
   5.45400000      -3.15149689    
   5.46000004      -3.15674138    
   5.46600008      -3.16198540    
   5.47200012      -3.16722918    
   5.47800016      -3.17247295    
   5.48400021      -3.17771721    
   5.49000025      -3.18296123    
   5.49599981      -3.18820477    
   5.50199986      -3.19344878    
   5.50799990      -3.19869280    
   5.51399994      -3.20393705    
   5.51999998      -3.20918083    
   5.52600002      -3.21442509    
   5.53200006      -3.21966910    
   5.53800011      -3.22491288    
   5.54400015      -3.23015690    
   5.55000019      -3.23540092    
   5.55600023      -3.24064541    
   5.56200027      -3.24588919    
   5.56799984      -3.25113297    
   5.57399988      -3.25637698    
   5.57999992      -3.26162076    
   5.58599997      -3.26686478    
   5.59200001      -3.27210879    
   5.59800005      -3.27735281    
   5.60400009      -3.28259659    
   5.61000013      -3.28784084    
   5.61600018      -3.29308510    
   5.62200022      -3.29832911    
   5.62800026      -3.30357289    
   5.63399982      -3.30881667    
   5.63999987      -3.31406069    
   5.64599991      -3.31930447    
   5.65199995      -3.32454824    
   5.65799999      -3.32979250    
   5.66400003      -3.33503699    
   5.67000008      -3.34028077    
   5.67600012      -3.34552479    
   5.68200016      -3.35076880    
   5.68800020      -3.35601282    
   5.69400024      -3.36125660    
   5.70000029      -3.36650038    
   5.70599985      -3.37174439    
   5.71199989      -3.37698817    
   5.71799994      -3.38223267    
   5.72399998      -3.38747668    
   5.73000002      -3.39272070    
   5.73600006      -3.39796448    
   5.74200010      -3.40320826    
   5.74800014      -3.40845251    
   5.75400019      -3.41369653    
   5.76000023      -3.41894031    
   5.76600027      -3.42418480    
   5.77199984      -3.42942858    
   5.77799988      -3.43467236    
   5.78399992      -3.43991613    
   5.78999996      -3.44516063    
   5.79600000      -3.45040441    
   5.80200005      -3.45564818    
   5.80800009      -3.46089220    
   5.81400013      -3.46613598    
   5.82000017      -3.47138071    
   5.82600021      -3.47662449    
   5.83200026      -3.48186851    
   5.83799982      -3.48711228    
   5.84399986      -3.49235630    
   5.84999990      -3.49760008    
   5.85599995      -3.50284433    
   5.86199999      -3.50808811    
   5.86800003      -3.51333189    
   5.87400007      -3.51857638    
   5.88000011      -3.52382064    
   5.88600016      -3.52906442    
   5.89200020      -3.53430843    
   5.89800024      -3.53955221    
   5.90400028      -3.54479599    
   5.90999985      -3.55003977    
   5.91599989      -3.55528378    
   5.92199993      -3.56052804    
   5.92799997      -3.56577229    
   5.93400002      -3.57101631    
   5.94000006      -3.57626009    
   5.94600010      -3.58150434    
   5.95200014      -3.58674812    
   5.95800018      -3.59199190    
   5.96400023      -3.59723592    
   5.97000027      -3.60248065    
   5.97599983      -3.60772371    
   5.98199987      -3.61296797    
   5.98799992      -3.61821175    
   5.99399996      -3.62345600    
